0	0
1	0
2	0
3	0
4	0
5	0
6	13
7	0
8	0
9	7
10	389
11	8
12	1461
13	0
14	0
15	0
16	0
17	0
18	0
19	0
20	0
21	0
22	0
23	0
24	0
25	0
26	0
27	0
28	0
29	0
30	0
31	398
32	0
33	0
34	153
35	0
36	0
37	0
38	462
39	0
40	0
41	0
42	0
43	2
44	1461
45	0
46	197
47	1468
48	1468
49	1468
50	198
51	1461
52	0
53	1468
54	1468
55	1468
56	1468
57	0
58	0
59	0
60	1468
61	1468
62	1468
63	467
64	0
65	0
66	0
67	1461
68	1468
69	390
70	0
71	0
72	0
73	1468
74	326
75	1468
76	0
77	0
78	1468
79	1468
80	1468
81	0
82	0
83	0
84	0
85	0
86	0
87	0
88	0
89	0
90	0
91	1468
92	198
93	1461
94	451
95	1468
96	1461
97	1468
98	196
99	0
100	1461
101	431
102	2
103	0
104	0
105	0
106	0
107	0
108	0
109	0
110	431
111	467
112	1461
113	3
114	1468
115	0
116	0
117	0
118	1461
119	1468
120	0
121	6
122	0
123	0
124	0
125	2
126	0
127	1461
128	0
129	0
130	0
131	0
132	0
133	0
134	0
135	0
136	0
137	0
138	0
139	3
140	0
141	0
142	1468
143	255
144	0
145	0
146	462
147	2
148	0
149	0
150	1461
151	0
152	0
153	0
154	18
155	0
156	1468
157	4
158	0
159	0
160	202
161	0
162	431
163	1461
164	0
165	0
166	0
167	398
168	1089
169	0
170	0
171	0
172	0
173	10
174	1461
175	1468
176	1468
177	1468
178	0
179	1468
180	321
181	1461
182	0
183	0
184	0
185	321
186	1461
187	1468
188	0
189	0
190	0
191	0
192	199
193	1461
194	1468
195	0
196	0
197	1468
198	431
199	1019
200	0
201	1468
202	0
203	197
204	0
205	17
206	0
207	0
208	0
209	1468
210	435
211	1461
212	1461
213	442
214	1468
215	193
216	1461
217	1468
218	1461
219	0
220	0
221	10
222	0
223	1468
224	462
225	1461
226	0
227	0
228	0
229	0
230	0
231	1468
232	0
233	0
234	0
235	0
236	431
237	431
238	1468
239	388
240	1468
241	0
242	0
243	0
244	398
245	0
246	0
247	0
248	0
249	0
250	435
251	0
252	0
253	1461
254	0
255	431
256	0
257	0
258	0
259	0
260	0
261	0
262	0
263	0
264	0
265	0
266	1461
267	4
268	0
269	1468
270	1461
271	0
272	0
273	431
274	0
275	0
276	1461
277	1461
278	0
279	0
280	0
281	0
282	0
283	0
284	0
285	0
286	0
287	0
288	0
289	0
290	0
291	0
292	0
293	1461
294	0
295	451
296	0
297	0
298	0
299	0
300	0
301	1468
302	0
303	0
304	1468
305	88
306	0
307	0
308	0
309	0
310	0
311	0
312	0
313	0
314	0
315	0
316	0
317	0
318	4
319	0
320	0
321	1468
322	451
323	0
324	0
325	394
326	1468
327	1468
328	1468
329	0
330	0
331	0
332	136
333	0
334	0
335	1468
336	0
337	0
338	1461
339	431
340	1461
341	431
342	0
343	437
344	1468
345	451
346	0
347	0
348	0
349	1468
350	394
351	0
352	0
353	0
354	0
355	0
356	0
357	0
358	1468
359	1468
360	1468
361	1468
362	0
363	0
364	0
365	0
366	398
367	1468
368	0
369	0
370	1461
371	0
372	462
373	1461
374	0
375	0
376	1468
377	0
378	0
379	0
380	0
381	1468
382	0
383	1461
384	1468
385	0
386	1461
387	1468
388	0
389	0
390	0
391	0
392	0
393	0
394	0
395	5
396	0
397	1461
398	11
399	1461
400	1468
401	1461
402	1468
403	1468
404	0
405	7
406	0
407	0
408	0
409	0
410	0
411	0
412	0
413	0
414	1461
415	1468
416	7
417	1468
418	1468
419	0
420	0
421	1468
422	0
423	431
424	0
425	1461
426	0
427	0
428	442
429	442
430	0
431	1461
432	462
433	1461
434	0
435	0
436	0
437	462
438	0
439	0
440	0
441	0
442	0
443	0
444	202
445	0
446	1468
447	1468
448	1461
449	390
450	1468
451	0
452	6
453	0
454	0
455	0
456	0
457	17
458	4
459	0
460	4
461	0
462	0
463	1468
464	1468
465	1461
466	0
467	0
468	0
469	0
470	8
471	1468
472	0
473	0
474	1461
475	0
476	1468
477	0
478	0
479	0
480	0
481	1468
482	1468
483	0
484	462
485	1468
486	0
487	0
488	467
489	435
490	0
491	0
492	462
493	0
494	393
495	1461
496	0
497	0
498	1468
499	0
500	451
501	5
502	0
503	0
504	0
505	0
506	0
507	0
508	0
509	0
510	0
511	442
512	431
513	1468
514	0
515	1468
516	1461
517	451
518	326
519	0
520	0
521	431
522	1468
523	462
524	1468
525	202
526	0
527	0
528	467
529	1461
530	7
531	0
532	462
533	1468
534	1461
535	0
536	0
537	0
538	1461
539	1461
540	35
541	0
542	7
543	0
544	0
545	0
546	1468
547	0
548	0
549	0
550	0
551	0
552	0
553	0
554	0
555	0
556	10
557	398
558	6
559	1461
560	1461
561	229
562	0
563	0
564	0
565	1468
566	1461
567	1461
568	1461
569	1468
570	1461
571	1468
572	0
573	0
574	0
575	0
576	0
577	0
578	0
579	0
580	0
581	29
582	0
583	0
584	0
585	0
586	259
587	0
588	1306
589	0
590	0
591	0
592	0
593	0
594	0
595	0
596	0
597	0
598	0
599	0
600	0
601	0
602	0
603	0
604	0
605	0
606	0
607	0
608	0
609	0
610	0
611	0
612	0
613	0
614	0
615	0
616	0
617	398
618	462
619	462
620	462
621	0
622	393
623	398
624	17
625	462
626	1468
627	1468
628	202
629	431
630	442
631	1461
632	1468
633	1468
634	431
635	1468
636	0
637	1468
638	0
639	431
640	0
641	0
642	0
643	0
644	0
645	0
646	0
647	382
648	0
649	0
650	0
651	0
652	0
653	0
654	1461
655	0
656	0
657	467
658	1461
659	0
660	3
661	0
662	0
663	0
664	0
665	0
666	0
667	211
668	0
669	0
670	0
671	1468
672	0
673	451
674	1461
675	0
676	0
677	0
678	0
679	0
680	0
681	0
682	0
683	0
684	0
685	0
686	0
687	0
688	0
689	0
690	0
691	1468
692	1461
693	1468
694	1468
695	1461
696	448
697	0
698	1468
699	1468
700	201
701	390
702	1461
703	1468
704	17
705	0
706	1468
707	0
708	1461
709	1461
710	1468
711	1468
712	0
713	0
714	0
715	0
716	1468
717	1468
718	199
719	0
720	0
721	0
722	0
723	0
724	0
725	0
726	0
727	0
728	0
729	0
730	0
731	0
732	0
733	0
734	0
735	0
736	1468
737	1468
738	431
739	0
740	0
741	1468
742	431
743	5
744	202
745	81
746	398
747	1187
748	0
749	0
750	18
751	0
752	0
753	442
754	0
755	231
756	442
757	0
758	0
759	2
760	13
761	0
762	431
763	3
764	0
765	1461
766	0
767	0
768	0
769	0
770	1468
771	0
772	1461
773	0
774	0
775	0
776	0
777	0
778	400
779	0
780	0
781	0
782	0
783	8
784	0
785	0
786	1468
787	1461
788	0
789	1468
790	435
791	0
792	0
793	0
794	0
795	0
796	0
797	0
798	0
799	0
800	0
801	1461
802	207
803	0
804	0
805	0
806	394
807	0
808	0
809	0
810	0
811	22
812	0
813	339
814	0
815	0
816	0
817	0
818	0
819	1461
820	467
821	0
822	0
823	0
824	1461
825	1468
826	1468
827	1468
828	467
829	6
830	0
831	1461
832	7
833	0
834	0
835	203
836	1468
837	0
838	467
839	1461
840	0
841	0
842	0
843	0
844	0
845	0
846	0
847	0
848	0
849	0
850	0
851	0
852	0
853	0
854	3
855	18
856	0
857	0
858	7
859	467
860	394
861	0
862	0
863	0
864	398
865	0
866	4
867	1461
868	1461
869	442
870	198
871	0
872	462
873	1468
874	451
875	1468
876	0
877	0
878	0
879	442
880	0
881	0
882	1468
883	1468
884	1468
885	1468
886	4
887	1468
888	0
889	0
890	391
891	0
892	0
893	0
894	28
895	1468
896	0
897	1461
898	0
899	442
900	442
901	1461
902	398
903	390
904	398
905	0
906	0
907	0
908	0
909	0
910	0
911	0
912	442
913	1468
914	0
915	0
916	0
917	0
918	0
919	19
920	0
921	0
922	0
923	451
924	0
925	0
926	11
927	0
928	0
929	0
930	0
931	442
932	0
933	0
934	0
935	0
936	0
937	0
938	0
939	197
940	4
941	0
942	1461
943	0
944	1468
945	0
946	0
947	0
948	1468
949	1468
950	339
951	1468
952	1468
953	1461
954	1468
955	437
956	1461
957	0
958	0
959	0
960	0
961	0
962	0
963	0
964	0
965	0
966	10
967	6
968	0
969	0
970	0
971	0
972	1461
973	1468
974	395
975	0
976	0
977	1468
978	0
979	0
980	0
981	0
982	0
983	0
984	431
985	9
986	0
987	0
988	467
989	1468
990	1468
991	0
992	387
993	0
994	467
995	1461
996	1468
997	0
998	1461
999	435
1000	0
1001	0
1002	0
1003	1468
1004	1461
1005	0
1006	0
1007	0
1008	0
1009	0
1010	199
1011	0
1012	0
1013	197
1014	1461
1015	1468
1016	395
1017	0
1018	0
1019	0
1020	0
1021	0
1022	0
1023	1461
1024	1461
1025	462
1026	1468
1027	0
1028	1468
1029	0
1030	1461
1031	0
1032	0
1033	326
1034	17
1035	0
1036	1461
1037	1468
1038	431
1039	0
1040	0
1041	0
1042	0
1043	1461
1044	1468
1045	0
1046	0
1047	0
1048	0
1049	0
1050	442
1051	395
1052	1004
1053	0
1054	0
1055	0
1056	0
1057	0
1058	1468
1059	0
1060	431
1061	1468
1062	1461
1063	1468
1064	0
1065	0
1066	0
1067	0
1068	0
1069	1468
1070	1461
1071	0
1072	1468
1073	0
1074	0
1075	0
1076	0
1077	1468
1078	1468
1079	1461
1080	1468
1081	1468
1082	1468
1083	0
1084	0
1085	1468
1086	0
1087	1468
1088	12
1089	398
1090	0
1091	0
1092	76
1093	1468
1094	0
1095	1468
1096	30
1097	339
1098	0
1099	0
1100	0
1101	0
1102	0
1103	0
1104	0
1105	0
1106	0
1107	0
1108	0
1109	0
1110	0
1111	1468
1112	431
1113	0
1114	1468
1115	0
1116	0
1117	0
1118	0
1119	0
1120	451
1121	398
1122	0
1123	0
1124	1468
1125	0
1126	0
1127	0
1128	0
1129	0
1130	1468
1131	467
1132	1468
1133	0
1134	1461
1135	0
1136	0
1137	0
1138	19
1139	0
1140	0
1141	1461
1142	9
1143	387
1144	0
1145	1461
1146	1461
1147	1461
1148	395
1149	1468
1150	0
1151	0
1152	0
1153	1461
1154	4
1155	1461
1156	1468
1157	204
1158	1468
1159	1468
1160	431
1161	1468
1162	1461
1163	1468
1164	0
1165	0
1166	0
1167	0
1168	0
1169	0
1170	398
1171	2
1172	0
1173	0
1174	0
1175	0
1176	0
1177	0
1178	0
1179	0
1180	0
1181	0
1182	0
1183	0
1184	0
1185	386
1186	1468
1187	326
1188	1461
1189	398
1190	398
1191	19
1192	14
1193	1461
1194	866
1195	1468
1196	462
1197	1468
1198	462
1199	0
1200	0
1201	0
1202	1468
1203	1468
1204	0
1205	0
1206	0
1207	1468
1208	1468
1209	1461
1210	1461
1211	395
1212	0
1213	0
1214	1468
1215	1468
1216	0
1217	0
1218	0
1219	0
1220	1461
1221	395
1222	202
1223	0
1224	0
1225	0
1226	0
1227	462
1228	0
1229	0
1230	0
1231	0
1232	1468
1233	321
1234	0
1235	0
1236	0
1237	0
1238	1461
1239	0
1240	0
1241	0
1242	0
1243	202
1244	0
1245	0
1246	0
1247	442
1248	467
1249	1468
1250	1468
1251	0
1252	17
1253	0
1254	1468
1255	431
1256	462
1257	5
1258	1468
1259	0
1260	0
1261	0
1262	394
1263	0
1264	1468
1265	1461
1266	431
1267	1468
1268	1468
1269	442
1270	0
1271	0
1272	0
1273	1468
1274	0
1275	1468
1276	1461
1277	392
1278	0
1279	0
1280	0
1281	437
1282	1468
1283	1468
1284	1468
1285	1461
1286	1461
1287	197
1288	462
1289	1461
1290	339
1291	0
1292	0
1293	0
1294	0
1295	1468
1296	394
1297	1468
1298	326
1299	1468
1300	6
1301	0
1302	0
1303	0
1304	0
1305	14
1306	4
1307	0
1308	1468
1309	1468
1310	1461
1311	1461
1312	3
1313	0
1314	395
1315	0
1316	0
1317	0
1318	1468
1319	1468
1320	1468
1321	0
1322	0
1323	0
1324	431
1325	1468
1326	0
1327	1468
1328	462
1329	395
1330	0
1331	2
1332	1468
1333	9
1334	0
1335	1468
1336	1468
1337	1468
1338	1468
1339	0
1340	1468
1341	1468
1342	1468
1343	0
1344	431
1345	0
1346	0
1347	0
1348	0
1349	0
1350	0
1351	0
1352	1468
1353	1468
1354	0
1355	1461
1356	431
1357	1461
1358	0
1359	0
1360	462
1361	1461
1362	1461
1363	1468
1364	1468
1365	0
1366	0
1367	0
1368	0
1369	13
1370	1468
1371	0
1372	0
1373	0
1374	1461
1375	1468
1376	0
1377	1461
1378	1468
1379	0
1380	1468
1381	1468
1382	1468
1383	0
1384	0
1385	1468
1386	0
1387	339
1388	0
1389	0
1390	1468
1391	0
1392	1468
1393	0
1394	0
1395	209
1396	0
1397	0
1398	0
1399	0
1400	0
1401	0
1402	0
1403	0
1404	0
1405	0
1406	1461
1407	1468
1408	0
1409	0
1410	0
1411	10
1412	398
1413	0
1414	1468
1415	0
1416	0
1417	0
1418	0
1419	3
1420	326
1421	1461
1422	0
1423	0
1424	1461
1425	0
1426	0
1427	0
1428	1468
1429	1468
1430	1468
1431	431
1432	0
1433	0
1434	1468
1435	1468
1436	0
1437	1468
1438	0
1439	0
1440	1461
1441	431
1442	1468
1443	1468
1444	398
1445	0
1446	1461
1447	321
1448	1468
1449	0
1450	0
1451	1468
1452	37
1453	0
1454	0
1455	1468
1456	431
1457	65
1458	0
1459	0
1460	0
1461	0
1462	1468
1463	1468
1464	0
1465	0
1466	0
1467	1468
1468	1468
1469	1461
1470	0
1471	0
1472	0
1473	0
1474	0
1475	0
1476	0
1477	0
1478	0
1479	0
1480	1468
1481	1461
1482	435
1483	1461
1484	0
1485	0
1486	0
1487	1468
1488	462
1489	0
1490	431
1491	394
1492	0
1493	0
1494	1468
1495	6
1496	0
1497	0
1498	1461
1499	451
1500	0
1501	1468
1502	0
1503	1461
1504	326
1505	0
1506	0
1507	0
1508	0
1509	0
1510	0
1511	0
1512	0
1513	0
1514	0
1515	321
1516	1468
1517	390
1518	0
1519	0
1520	1461
1521	0
1522	0
1523	0
1524	0
1525	0
1526	1468
1527	431
1528	1468
1529	451
1530	0
1531	462
1532	437
1533	1468
1534	1468
1535	431
1536	1461
1537	1461
1538	1468
1539	0
1540	0
1541	431
1542	1461
1543	1468
1544	1461
1545	0
1546	0
1547	0
1548	0
1549	0
1550	0
1551	0
1552	0
1553	0
1554	0
1555	1468
1556	0
1557	0
1558	4
1559	0
1560	0
1561	0
1562	0
1563	1468
1564	0
1565	1468
1566	1461
1567	1468
1568	1468
1569	1468
1570	0
1571	0
1572	0
1573	1468
1574	4
1575	0
1576	0
1577	1461
1578	0
1579	0
1580	5
1581	0
1582	0
1583	0
1584	1468
1585	435
1586	0
1587	1468
1588	1468
1589	1468
1590	435
1591	0
1592	0
1593	0
1594	0
1595	0
1596	0
1597	0
1598	6
1599	1461
1600	0
1601	1468
1602	431
1603	0
1604	0
1605	442
1606	0
1607	12
1608	0
1609	0
1610	0
1611	0
1612	1468
1613	0
1614	1468
1615	0
1616	0
1617	0
1618	0
1619	0
1620	0
1621	0
1622	0
1623	0
1624	1461
1625	431
1626	1468
1627	111
1628	0
1629	0
1630	1468
1631	0
1632	1461
1633	14
1634	0
1635	1468
1636	467
1637	5
1638	0
1639	0
1640	462
1641	1468
1642	0
1643	9
1644	0
1645	0
1646	0
1647	0
1648	0
1649	0
1650	1468
1651	462
1652	462
1653	398
1654	0
1655	451
1656	0
1657	0
1658	0
1659	0
1660	0
1661	1461
1662	0
1663	0
1664	0
1665	211
1666	0
1667	0
1668	0
1669	0
1670	0
1671	0
1672	0
1673	0
1674	0
1675	0
1676	0
1677	0
1678	0
1679	0
1680	0
1681	0
1682	1468
1683	395
1684	1461
1685	435
1686	0
1687	0
1688	0
1689	0
1690	1468
1691	467
1692	1468
1693	1468
1694	1461
1695	1468
1696	0
1697	1461
1698	0
1699	0
1700	0
1701	0
1702	0
1703	0
1704	0
1705	0
1706	0
1707	0
1708	0
1709	0
1710	0
1711	0
1712	0
1713	0
1714	0
1715	0
1716	0
1717	0
1718	1468
1719	1461
1720	0
1721	17
1722	0
1723	0
1724	0
1725	0
1726	1468
1727	1468
1728	1468
1729	1468
1730	1461
1731	431
1732	431
1733	431
1734	1468
1735	431
1736	431
1737	1468
1738	0
1739	0
1740	180
1741	442
1742	1468
1743	1461
1744	0
1745	0
1746	0
1747	0
1748	0
1749	0
1750	0
1751	0
1752	0
1753	0
1754	0
1755	0
1756	0
1757	0
1758	0
1759	88
1760	1468
1761	431
1762	321
1763	442
1764	442
1765	1468
1766	1461
1767	1468
1768	1468
1769	326
1770	431
1771	1468
1772	1461
1773	437
1774	390
1775	5
1776	442
1777	1468
1778	1468
1779	431
1780	1468
1781	431
1782	0
1783	442
1784	0
1785	467
1786	1468
1787	0
1788	0
1789	0
1790	0
1791	0
1792	0
1793	0
1794	0
1795	0
1796	0
1797	0
1798	0
1799	0
1800	0
1801	5
1802	0
1803	398
1804	0
1805	0
1806	0
1807	0
1808	0
1809	0
1810	0
1811	0
1812	0
1813	0
1814	0
1815	0
1816	0
1817	1468
1818	52
1819	213
1820	1461
1821	1461
1822	462
1823	1461
1824	1461
1825	228
1826	1468
1827	1468
1828	1468
1829	198
1830	1461
1831	1461
1832	1468
1833	1461
1834	1461
1835	1468
1836	431
1837	1461
1838	0
1839	0
1840	0
1841	0
1842	0
1843	0
1844	0
1845	0
1846	0
1847	0
1848	12
1849	0
1850	0
1851	431
1852	0
1853	0
1854	1468
1855	467
1856	1468
1857	1461
1858	467
1859	1461
1860	0
1861	0
1862	0
1863	24
1864	0
1865	0
1866	0
1867	0
1868	0
1869	0
1870	0
1871	0
1872	244
1873	0
1874	0
1875	0
1876	0
1877	0
1878	0
1879	0
1880	0
1881	0
1882	0
1883	0
1884	0
1885	0
1886	0
1887	0
1888	398
1889	0
1890	0
1891	0
1892	0
1893	1468
1894	1468
1895	451
1896	1468
1897	0
1898	0
1899	0
1900	0
1901	0
1902	0
1903	0
1904	0
1905	431
1906	1461
1907	326
1908	326
1909	27
1910	0
1911	0
1912	0
1913	1461
1914	431
1915	0
1916	0
1917	1461
1918	1461
1919	1468
1920	435
1921	0
1922	1468
1923	0
1924	0
1925	198
1926	60
1927	0
1928	431
1929	1461
1930	0
1931	0
1932	0
1933	1461
1934	1468
1935	0
1936	0
1937	0
1938	1461
1939	0
1940	0
1941	0
1942	0
1943	0
1944	0
1945	0
1946	1468
1947	1461
1948	202
1949	11
1950	394
1951	0
1952	0
1953	0
1954	1468
1955	1461
1956	1468
1957	0
1958	462
1959	1468
1960	394
1961	0
1962	1468
1963	1468
1964	0
1965	228
1966	1468
1967	0
1968	0
1969	0
1970	0
1971	0
1972	398
1973	0
1974	0
1975	1468
1976	1468
1977	1468
1978	202
1979	1468
1980	0
1981	0
1982	0
1983	0
1984	3
1985	0
1986	0
1987	0
1988	0
1989	0
1990	1468
1991	1461
1992	0
1993	321
1994	451
1995	0
1996	0
1997	0
1998	1461
1999	1461
2000	1468
2001	0
2002	0
2003	1468
2004	1461
2005	1468
2006	0
2007	321
2008	0
2009	0
2010	0
2011	390
2012	4
2013	1468
2014	326
2015	0
2016	0
2017	0
2018	0
2019	0
2020	0
2021	0
2022	0
2023	0
2024	431
2025	0
2026	0
2027	0
2028	431
2029	1461
2030	1461
2031	81
2032	0
2033	0
2034	1461
2035	0
2036	1461
2037	0
2038	0
2039	1468
2040	431
2041	431
2042	1461
2043	0
2044	4
2045	5
2046	0
2047	195
2048	1468
2049	1468
2050	0
2051	0
2052	1468
2053	0
2054	0
2055	1461
2056	467
2057	2
2058	0
2059	0
2060	1468
2061	1468
2062	0
2063	0
2064	462
2065	462
2066	462
2067	395
2068	0
2069	467
2070	437
2071	0
2072	0
2073	0
2074	1468
2075	0
2076	0
2077	0
2078	1468
2079	1468
2080	1468
2081	431
2082	197
2083	0
2084	0
2085	0
2086	0
2087	0
2088	0
2089	0
2090	0
2091	0
2092	0
2093	0
2094	0
2095	0
2096	1468
2097	1461
2098	0
2099	8
2100	1468
2101	1468
2102	0
2103	0
2104	1461
2105	0
2106	0
2107	0
2108	0
2109	1468
2110	363
2111	0
2112	0
2113	0
2114	1468
2115	0
2116	8
2117	0
2118	1461
2119	0
2120	462
2121	0
2122	0
2123	0
2124	0
2125	0
2126	0
2127	1468
2128	1461
2129	20
2130	0
2131	1468
2132	0
2133	0
2134	0
2135	0
2136	1461
2137	0
2138	12
2139	1461
2140	0
2141	467
2142	0
2143	0
2144	0
2145	0
2146	1468
2147	1468
2148	435
2149	6
2150	0
2151	0
2152	0
2153	0
2154	0
2155	0
2156	0
2157	0
2158	0
2159	339
2160	1461
2161	0
2162	0
2163	0
2164	1468
2165	1468
2166	392
2167	0
2168	0
2169	1468
2170	1468
2171	3
2172	0
2173	0
2174	0
2175	1461
2176	462
2177	0
2178	1468
2179	1461
2180	1461
2181	0
2182	0
2183	0
2184	0
2185	0
2186	0
2187	1468
2188	1468
2189	1461
2190	0
2191	0
2192	0
2193	0
2194	431
2195	431
2196	1461
2197	1468
2198	0
2199	1468
2200	1461
2201	0
2202	0
2203	435
2204	209
2205	435
2206	0
2207	0
2208	0
2209	1461
2210	0
2211	0
2212	0
2213	0
2214	1468
2215	394
2216	0
2217	0
2218	0
2219	0
2220	0
2221	1461
2222	1461
2223	0
2224	1468
2225	0
2226	0
2227	0
2228	0
2229	0
2230	0
2231	394
2232	0
2233	0
2234	1461
2235	0
2236	0
2237	0
2238	0
2239	0
2240	0
2241	0
2242	0
2243	0
2244	1461
2245	0
2246	0
2247	394
2248	1468
2249	339
2250	1468
2251	394
2252	0
2253	0
2254	1461
2255	1468
2256	0
2257	0
2258	0
2259	462
2260	0
2261	0
2262	467
2263	0
2264	1468
2265	1461
2266	1468
2267	0
2268	0
2269	2
2270	0
2271	0
2272	467
2273	467
2274	0
2275	0
2276	0
2277	1468
2278	437
2279	1468
2280	0
2281	0
2282	0
2283	0
2284	8
2285	0
2286	0
2287	0
2288	7
2289	0
2290	0
2291	1461
2292	0
2293	0
2294	0
2295	1468
2296	435
2297	1461
2298	0
2299	0
2300	1468
2301	1461
2302	1468
2303	0
2304	1468
2305	1468
2306	431
2307	0
2308	0
2309	0
2310	0
2311	0
2312	437
2313	321
2314	1468
2315	0
2316	0
2317	2
2318	0
2319	1461
2320	1468
2321	0
2322	1468
2323	66
2324	1468
2325	1461
2326	1468
2327	0
2328	0
2329	1468
2330	0
2331	0
2332	0
2333	0
2334	0
2335	1468
2336	0
2337	0
2338	0
2339	326
2340	0
2341	0
2342	0
2343	0
2344	0
2345	0
2346	0
2347	0
2348	0
2349	0
2350	0
2351	437
2352	1468
2353	1468
2354	1468
2355	390
2356	0
2357	395
2358	382
2359	0
2360	1468
2361	1468
2362	1461
2363	1468
2364	462
2365	1468
2366	1468
2367	1468
2368	1468
2369	0
2370	1461
2371	1468
2372	1468
2373	1468
2374	1468
2375	1461
2376	0
2377	0
2378	0
2379	0
2380	0
2381	0
2382	0
2383	0
2384	0
2385	0
2386	4
2387	0
2388	0
2389	0
2390	0
2391	0
2392	0
2393	0
2394	0
2395	0
2396	0
2397	0
2398	0
2399	0
2400	0
2401	0
2402	1461
2403	1468
2404	1468
2405	1468
2406	12
2407	5
2408	0
2409	1468
2410	1468
2411	1468
2412	1468
2413	0
2414	462
2415	390
2416	1468
2417	1468
2418	0
2419	0
2420	10
2421	0
2422	0
2423	5
2424	0
2425	0
2426	21
2427	467
2428	394
2429	0
2430	1468
2431	1468
2432	461
2433	0
2434	1468
2435	0
2436	0
2437	0
2438	0
2439	0
2440	0
2441	0
2442	0
2443	0
2444	0
2445	0
2446	1468
2447	1468
2448	1468
2449	0
2450	0
2451	0
2452	1468
2453	394
2454	0
2455	1461
2456	1468
2457	275
2458	0
2459	0
2460	390
2461	0
2462	0
2463	0
2464	0
2465	0
2466	0
2467	0
2468	0
2469	0
2470	0
2471	0
2472	0
2473	1468
2474	1461
2475	1461
2476	431
2477	1461
2478	1468
2479	1461
2480	8
2481	0
2482	0
2483	1461
2484	391
2485	0
2486	0
2487	1461
2488	1461
2489	0
2490	0
2491	0
2492	0
2493	0
2494	0
2495	0
2496	0
2497	0
2498	1468
2499	390
2500	0
2501	0
2502	0
2503	0
2504	0
2505	1468
2506	0
2507	8
2508	1468
2509	431
2510	431
2511	0
2512	0
2513	0
2514	0
2515	0
2516	9
2517	0
2518	0
2519	1468
2520	0
2521	1468
2522	1468
2523	2
2524	199
2525	1468
2526	1468
2527	431
2528	431
2529	1468
2530	1461
2531	0
2532	0
2533	0
2534	0
2535	1461
2536	394
2537	0
2538	1468
2539	11
2540	0
2541	462
2542	1461
2543	431
2544	1468
2545	0
2546	0
2547	1461
2548	0
2549	0
2550	0
2551	442
2552	0
2553	0
2554	1468
2555	437
2556	1461
2557	0
2558	0
2559	0
2560	0
2561	0
2562	0
2563	394
2564	13
2565	1468
2566	462
2567	898
2568	0
2569	0
2570	0
2571	0
2572	1468
2573	451
2574	431
2575	0
2576	0
2577	0
2578	0
2579	0
2580	0
2581	390
2582	5
2583	0
2584	0
2585	0
2586	1468
2587	1468
2588	0
2589	451
2590	0
2591	0
2592	0
2593	1468
2594	462
2595	1468
2596	1468
2597	0
2598	0
2599	0
2600	0
2601	0
2602	1461
2603	1461
2604	1461
2605	462
2606	462
2607	199
2608	1461
2609	1468
2610	1162
2611	0
2612	0
2613	0
2614	1461
2615	0
2616	0
2617	0
2618	0
2619	0
2620	0
2621	0
2622	0
2623	0
2624	0
2625	0
2626	467
2627	0
2628	11
2629	1468
2630	0
2631	0
2632	0
2633	1468
2634	1461
2635	0
2636	0
2637	1468
2638	1468
2639	0
2640	0
2641	0
2642	0
2643	1461
2644	1468
2645	1468
2646	0
2647	0
2648	1461
2649	1468
2650	0
2651	83
2652	0
2653	7
2654	50
2655	1468
2656	1468
2657	0
2658	0
2659	0
2660	1468
2661	11
2662	0
2663	0
2664	0
2665	0
2666	372
2667	0
2668	1468
2669	1461
2670	1468
2671	0
2672	1468
2673	1468
2674	1468
2675	398
2676	0
2677	431
2678	431
2679	431
2680	1461
2681	339
2682	398
2683	1461
2684	0
2685	0
2686	1468
2687	1468
2688	0
2689	1468
2690	394
2691	0
2692	0
2693	0
2694	0
2695	0
2696	0
2697	0
2698	17
2699	0
2700	0
2701	0
2702	0
2703	0
2704	1461
2705	326
2706	398
2707	0
2708	0
2709	1461
2710	1468
2711	1461
2712	0
2713	0
2714	0
2715	467
2716	1468
2717	390
2718	0
2719	0
2720	0
2721	1468
2722	431
2723	0
2724	0
2725	0
2726	0
2727	0
2728	1468
2729	0
2730	0
2731	0
2732	0
2733	0
2734	0
2735	467
2736	1468
2737	1468
2738	5
2739	0
2740	0
2741	0
2742	0
2743	1468
2744	1468
2745	398
2746	0
2747	1468
2748	1468
2749	5
2750	0
2751	0
2752	0
2753	0
2754	1468
2755	0
2756	0
2757	0
2758	1461
2759	1062
2760	0
2761	0
2762	0
2763	0
2764	437
2765	1468
2766	0
2767	1461
2768	1461
2769	0
2770	1468
2771	1468
2772	0
2773	0
2774	198
2775	0
2776	451
2777	0
2778	1468
2779	442
2780	1461
2781	451
2782	0
2783	0
2784	0
2785	0
2786	431
2787	0
2788	0
2789	0
2790	1468
2791	462
2792	0
2793	0
2794	0
2795	0
2796	0
2797	0
2798	0
2799	0
2800	1468
2801	394
2802	0
2803	1461
2804	398
2805	0
2806	0
2807	0
2808	0
2809	0
2810	0
2811	1468
2812	1461
2813	23
2814	0
2815	0
2816	326
2817	0
2818	1461
2819	431
2820	0
2821	0
2822	431
2823	1461
2824	431
2825	1468
2826	390
2827	5
2828	0
2829	0
2830	1468
2831	5
2832	0
2833	0
2834	0
2835	0
2836	0
2837	1468
2838	1461
2839	1468
2840	0
2841	8
2842	8
2843	431
2844	1468
2845	1468
2846	431
2847	0
2848	1468
2849	1461
2850	0
2851	1468
2852	1461
2853	0
2854	0
2855	0
2856	0
2857	0
2858	1461
2859	1461
2860	398
2861	0
2862	1468
2863	1468
2864	1468
2865	1468
2866	1468
2867	0
2868	451
2869	0
2870	0
2871	0
2872	0
2873	1468
2874	1468
2875	80
2876	1468
2877	1461
2878	0
2879	0
2880	0
2881	0
2882	0
2883	1468
2884	1097
2885	0
2886	1461
2887	0
2888	0
2889	0
2890	0
2891	1468
2892	431
2893	0
2894	0
2895	0
2896	0
2897	0
2898	0
2899	1461
2900	0
2901	0
2902	0
2903	1468
2904	1468
2905	1468
2906	0
2907	1461
2908	0
2909	0
2910	0
2911	1468
2912	0
2913	0
2914	0
2915	0
2916	1468
2917	394
2918	1461
2919	451
2920	358
2921	0
2922	0
2923	0
2924	0
2925	0
2926	0
2927	0
2928	0
2929	0
2930	0
2931	0
2932	0
2933	0
2934	0
2935	0
2936	1468
2937	1468
2938	467
2939	1461
2940	321
2941	1461
2942	467
2943	1468
2944	1468
2945	1468
2946	1468
2947	0
2948	0
2949	0
2950	0
2951	0
2952	0
2953	0
2954	0
2955	0
2956	0
2957	0
2958	0
2959	0
2960	0
2961	0
2962	0
2963	0
2964	0
2965	0
2966	0
2967	326
2968	1461
2969	1468
2970	1468
2971	451
2972	219
2973	451
2974	1461
2975	1468
2976	1461
2977	0
2978	0
2979	0
2980	1461
2981	1468
2982	5
2983	0
2984	0
2985	2
2986	0
2987	0
2988	0
2989	0
2990	0
2991	0
2992	0
2993	0
2994	0
2995	1461
2996	0
2997	1461
2998	1468
2999	0
3000	26
3001	747
3002	0
3003	0
3004	3
3005	198
3006	0
3007	0
3008	0
3009	0
3010	0
3011	0
3012	0
3013	431
3014	1468
3015	1468
3016	451
3017	1468
3018	390
3019	0
3020	0
3021	0
3022	0
3023	1468
3024	0
3025	0
3026	0
3027	442
3028	7
3029	0
3030	0
3031	0
3032	0
3033	0
3034	0
3035	0
3036	0
3037	0
3038	0
3039	0
3040	0
3041	0
3042	0
3043	0
3044	0
3045	0
3046	0
3047	0
3048	1461
3049	467
3050	462
3051	431
3052	1468
3053	1468
3054	1468
3055	394
3056	0
3057	0
3058	0
3059	431
3060	0
3061	0
3062	0
3063	0
3064	1468
3065	0
3066	1468
3067	211
3068	0
3069	0
3070	1461
3071	1468
3072	1461
3073	431
3074	1461
3075	1461
3076	4
3077	1468
3078	0
3079	9
3080	0
3081	0
3082	11
3083	1468
3084	1468
3085	1468
3086	1468
3087	1461
3088	428
3089	1468
3090	0
3091	0
3092	13
3093	0
3094	0
3095	394
3096	0
3097	1461
3098	0
3099	0
3100	0
3101	0
3102	0
3103	0
3104	0
3105	442
3106	1468
3107	1468
3108	0
3109	0
3110	1461
3111	1468
3112	0
3113	435
3114	1468
3115	462
3116	1468
3117	6
3118	0
3119	0
3120	0
3121	0
3122	0
3123	0
3124	0
3125	1468
3126	1461
3127	390
3128	0
3129	0
3130	0
3131	0
3132	0
3133	1468
3134	1468
3135	1105
3136	0
3137	0
3138	467
3139	0
3140	0
3141	1468
3142	1468
3143	1468
3144	467
3145	398
3146	0
3147	0
3148	437
3149	9
3150	0
3151	206
3152	0
3153	0
3154	0
3155	0
3156	0
3157	0
3158	1468
3159	0
3160	1468
3161	1461
3162	207
3163	1468
3164	1461
3165	0
3166	4
3167	0
3168	0
3169	0
3170	0
3171	1468
3172	0
3173	0
3174	1468
3175	1461
3176	1461
3177	0
3178	0
3179	0
3180	0
3181	0
3182	0
3183	0
3184	0
3185	0
3186	1461
3187	394
3188	0
3189	0
3190	0
3191	1461
3192	8
3193	0
3194	1468
3195	0
3196	1468
3197	1461
3198	431
3199	0
3200	0
3201	1468
3202	1468
3203	467
3204	1461
3205	394
3206	0
3207	1468
3208	1468
3209	1461
3210	0
3211	431
3212	0
3213	0
3214	0
3215	1461
3216	0
3217	1461
3218	0
3219	0
3220	1468
3221	1468
3222	0
3223	394
3224	6
3225	0
3226	0
3227	0
3228	0
3229	0
3230	0
3231	0
3232	0
3233	11
3234	467
3235	431
3236	1461
3237	3
3238	0
3239	462
3240	8
3241	1461
3242	1461
3243	0
3244	1461
3245	1461
3246	0
3247	0
3248	0
3249	0
3250	0
3251	0
3252	0
3253	1468
3254	0
3255	1468
3256	0
3257	0
3258	0
3259	0
3260	1468
3261	1468
3262	1468
3263	1461
3264	467
3265	223
3266	1461
3267	0
3268	0
3269	1468
3270	1461
3271	826
3272	0
3273	0
3274	0
3275	462
3276	0
3277	11
3278	0
3279	467
3280	0
3281	0
3282	0
3283	0
3284	0
3285	0
3286	1468
3287	0
3288	0
3289	0
3290	0
3291	0
3292	0
3293	0
3294	0
3295	1461
3296	42
3297	1468
3298	0
3299	0
3300	0
3301	0
3302	0
3303	0
3304	437
3305	1461
3306	1461
3307	1461
3308	0
3309	0
3310	394
3311	1468
3312	431
3313	0
3314	0
3315	1468
3316	431
3317	0
3318	451
3319	0
3320	0
3321	0
3322	0
3323	0
3324	5
3325	1468
3326	1468
3327	1468
3328	462
3329	0
3330	0
3331	0
3332	0
3333	0
3334	0
3335	435
3336	0
3337	0
3338	437
3339	1468
3340	467
3341	0
3342	1468
3343	1461
3344	431
3345	0
3346	0
3347	437
3348	1468
3349	0
3350	0
3351	1461
3352	0
3353	0
3354	0
3355	0
3356	0
3357	0
3358	0
3359	0
3360	0
3361	0
3362	0
3363	31
3364	0
3365	0
3366	467
3367	17
3368	949
3369	0
3370	0
3371	0
3372	1468
3373	0
3374	0
3375	0
3376	0
3377	3
3378	1468
3379	0
3380	0
3381	0
3382	0
3383	0
3384	0
3385	0
3386	0
3387	0
3388	0
3389	0
3390	0
3391	0
3392	0
3393	1468
3394	1468
3395	1468
3396	0
3397	1468
3398	200
3399	0
3400	0
3401	0
3402	45
3403	0
3404	0
3405	467
3406	1468
3407	398
3408	1468
3409	7
3410	0
3411	0
3412	0
3413	0
3414	0
3415	0
3416	431
3417	431
3418	1468
3419	229
3420	1468
3421	355
3422	395
3423	0
3424	451
3425	0
3426	0
3427	394
3428	8
3429	0
3430	1461
3431	206
3432	12
3433	1461
3434	0
3435	0
3436	0
3437	0
3438	0
3439	1461
3440	1461
3441	431
3442	1468
3443	0
3444	1461
3445	0
3446	0
3447	0
3448	1468
3449	1468
3450	0
3451	0
3452	0
3453	442
3454	0
3455	1468
3456	0
3457	0
3458	467
3459	1468
3460	1461
3461	1468
3462	395
3463	1468
3464	1468
3465	1461
3466	431
3467	0
3468	0
3469	0
3470	0
3471	0
3472	0
3473	0
3474	0
3475	0
3476	0
3477	0
3478	0
3479	0
3480	0
3481	0
3482	0
3483	4
3484	4
3485	7
3486	1461
3487	1461
3488	1468
3489	431
3490	1468
3491	437
3492	7
3493	0
3494	0
3495	0
3496	1461
3497	437
3498	431
3499	0
3500	0
3501	0
3502	1468
3503	1468
3504	5
3505	0
3506	1468
3507	1468
3508	0
3509	0
3510	0
3511	0
3512	0
3513	0
3514	0
3515	1468
3516	1461
3517	1461
3518	198
3519	462
3520	1461
3521	462
3522	0
3523	0
3524	0
3525	0
3526	0
3527	0
3528	0
3529	0
3530	0
3531	1461
3532	1468
3533	1468
3534	1461
3535	1468
3536	0
3537	0
3538	0
3539	0
3540	0
3541	0
3542	0
3543	1468
3544	1468
3545	4
3546	0
3547	0
3548	0
3549	0
3550	1468
3551	1468
3552	1468
3553	1468
3554	4
3555	0
3556	0
3557	0
3558	1468
3559	0
3560	0
3561	0
3562	0
3563	0
3564	14
3565	0
3566	0
3567	0
3568	0
3569	0
3570	431
3571	0
3572	0
3573	1461
3574	431
3575	431
3576	462
3577	1468
3578	1468
3579	1468
3580	1461
3581	437
3582	0
3583	0
3584	0
3585	0
3586	0
3587	0
3588	0
3589	0
3590	0
3591	0
3592	1468
3593	0
3594	0
3595	1468
3596	0
3597	0
3598	1468
3599	25
3600	0
3601	1461
3602	0
3603	1468
3604	0
3605	339
3606	0
3607	0
3608	0
3609	431
3610	1468
3611	17
3612	0
3613	1468
3614	1461
3615	1468
3616	1468
3617	1461
3618	0
3619	1468
3620	431
3621	1468
3622	0
3623	1468
3624	0
3625	0
3626	0
3627	0
3628	0
3629	1468
3630	1461
3631	1468
3632	398
3633	1468
3634	1468
3635	0
3636	0
3637	0
3638	1461
3639	1468
3640	431
3641	0
3642	0
3643	0
3644	0
3645	0
3646	0
3647	0
3648	0
3649	442
3650	0
3651	0
3652	0
3653	0
3654	1461
3655	431
3656	1468
3657	431
3658	431
3659	0
3660	0
3661	0
3662	0
3663	8
3664	0
3665	431
3666	0
3667	0
3668	0
3669	0
3670	0
3671	462
3672	1468
3673	0
3674	462
3675	467
3676	1468
3677	0
3678	467
3679	467
3680	1461
3681	1468
3682	0
3683	395
3684	1461
3685	0
3686	1468
3687	1468
3688	462
3689	1461
3690	0
3691	0
3692	1461
3693	1468
3694	451
3695	11
3696	0
3697	1468
3698	1468
3699	0
3700	0
3701	1468
3702	0
3703	0
3704	1468
3705	3
3706	0
3707	0
3708	0
3709	1468
3710	2
3711	0
3712	0
3713	1468
3714	0
3715	0
3716	0
3717	0
3718	0
3719	0
3720	0
3721	398
3722	1468
3723	0
3724	0
3725	0
3726	0
3727	1468
3728	1461
3729	15
3730	0
3731	1461
3732	437
3733	1468
3734	12
3735	1468
3736	1461
3737	1461
3738	0
3739	0
3740	0
3741	202
3742	1468
3743	431
3744	24
3745	431
3746	431
3747	431
3748	1468
3749	294
3750	394
3751	1461
3752	326
3753	1468
3754	394
3755	1468
3756	1461
3757	1461
3758	0
3759	0
3760	1468
3761	2
3762	0
3763	0
3764	0
3765	0
3766	0
3767	0
3768	0
3769	1461
3770	388
3771	1461
3772	1461
3773	0
3774	0
3775	0
3776	0
3777	1461
3778	1461
3779	0
3780	0
3781	0
3782	0
3783	0
3784	0
3785	0
3786	1468
3787	0
3788	0
3789	1468
3790	1468
3791	1461
3792	1461
3793	0
3794	0
3795	0
3796	1468
3797	1468
3798	390
3799	1468
3800	0
3801	394
3802	0
3803	0
3804	1461
3805	1468
3806	234
3807	437
3808	1468
3809	394
3810	0
3811	0
3812	0
3813	0
3814	0
3815	1468
3816	1461
3817	1461
3818	1461
3819	0
3820	1468
3821	1461
3822	1468
3823	0
3824	0
3825	0
3826	1461
3827	0
3828	0
3829	0
3830	0
3831	0
3832	0
3833	0
3834	1468
3835	20
3836	431
3837	0
3838	0
3839	0
3840	1461
3841	1461
3842	273
3843	1461
3844	8
3845	0
3846	0
3847	0
3848	0
3849	0
3850	0
3851	0
3852	0
3853	0
3854	0
3855	0
3856	0
3857	0
3858	0
3859	1468
3860	339
3861	1461
3862	0
3863	0
3864	0
3865	0
3866	0
3867	0
3868	0
3869	0
3870	0
3871	0
3872	0
3873	1468
3874	339
3875	1468
3876	0
3877	0
3878	0
3879	0
3880	0
3881	0
3882	1461
3883	1461
3884	0
3885	1468
3886	0
3887	0
3888	0
3889	0
3890	1461
3891	0
3892	0
3893	1468
3894	0
3895	0
3896	431
3897	0
3898	1461
3899	0
3900	437
3901	197
3902	0
3903	0
3904	394
3905	0
3906	0
3907	0
3908	0
3909	1468
3910	0
3911	0
3912	0
3913	0
3914	0
3915	0
3916	0
3917	431
3918	0
3919	3
3920	0
3921	1461
3922	462
3923	0
3924	0
3925	0
3926	0
3927	0
3928	1468
3929	198
3930	5
3931	0
3932	1468
3933	1461
3934	0
3935	0
3936	0
3937	0
3938	0
3939	1468
3940	1468
3941	321
3942	0
3943	0
3944	390
3945	0
3946	0
3947	0
3948	32
3949	1468
3950	1461
3951	0
3952	0
3953	0
3954	451
3955	0
3956	0
3957	0
3958	4
3959	0
3960	0
3961	451
3962	0
3963	0
3964	1461
3965	0
3966	437
3967	0
3968	1468
3969	0
3970	0
3971	1468
3972	0
3973	1468
3974	1461
3975	1461
3976	0
3977	0
3978	0
3979	0
3980	0
3981	0
3982	0
3983	0
3984	0
3985	0
3986	0
3987	0
3988	0
3989	0
3990	0
3991	0
3992	0
3993	0
3994	0
3995	1468
3996	1461
3997	467
3998	437
3999	159
4000	1468
4001	435
4002	1468
4003	0
4004	0
4005	1468
4006	1468
4007	1468
4008	1468
4009	1461
4010	1468
4011	1468
4012	1468
4013	1461
4014	1461
4015	1468
4016	1468
4017	1468
4018	1468
4019	1461
4020	0
4021	0
4022	0
4023	0
4024	0
4025	0
4026	0
4027	0
4028	0
4029	0
4030	0
4031	0
4032	0
4033	0
4034	0
4035	431
4036	0
4037	0
4038	942
4039	0
4040	0
4041	398
4042	1468
4043	1468
4044	1461
4045	1468
4046	1461
4047	1468
4048	462
4049	1468
4050	1461
4051	462
4052	199
4053	1468
4054	1468
4055	0
4056	0
4057	0
4058	0
4059	0
4060	1468
4061	1468
4062	1468
4063	1468
4064	1461
4065	0
4066	0
4067	0
4068	0
4069	0
4070	0
4071	0
4072	0
4073	0
4074	0
4075	0
4076	0
4077	17
4078	0
4079	0
4080	229
4081	0
4082	1461
4083	1468
4084	1461
4085	451
4086	1468
4087	1468
4088	435
4089	462
4090	1468
4091	1468
4092	1461
4093	462
4094	395
4095	431
4096	1468
4097	1461
4098	431
4099	431
4100	0
4101	0
4102	1468
4103	1468
4104	437
4105	0
4106	0
4107	0
4108	0
4109	0
4110	0
4111	0
4112	1461
4113	0
4114	0
4115	0
4116	0
4117	0
4118	0
4119	0
4120	0
4121	0
4122	0
4123	0
4124	442
4125	1468
4126	1468
4127	1468
4128	437
4129	1178
4130	467
4131	1468
4132	1468
4133	1468
4134	1468
4135	462
4136	1468
4137	1468
4138	0
4139	0
4140	0
4141	0
4142	0
4143	0
4144	0
4145	18
4146	0
4147	0
4148	0
4149	0
4150	17
4151	9
4152	0
4153	0
4154	0
4155	0
4156	0
4157	0
4158	0
4159	0
4160	0
4161	0
4162	0
4163	0
4164	0
4165	0
4166	0
4167	0
4168	0
4169	0
4170	0
4171	9
4172	3
4173	1461
4174	1461
4175	437
4176	1468
4177	435
4178	451
4179	1468
4180	462
4181	1468
4182	435
4183	1461
4184	1468
4185	1468
4186	1468
4187	1468
4188	1461
4189	0
4190	0
4191	0
4192	17
4193	0
4194	0
4195	5
4196	5
4197	1461
4198	0
4199	0
4200	0
4201	0
4202	0
4203	0
4204	0
4205	0
4206	0
4207	0
4208	0
4209	0
4210	0
4211	1461
4212	467
4213	1468
4214	1461
4215	1461
4216	16
4217	394
4218	0
4219	0
4220	0
4221	0
4222	0
4223	0
4224	0
4225	1468
4226	1468
4227	0
4228	0
4229	0
4230	0
4231	0
4232	0
4233	0
4234	0
4235	462
4236	326
4237	1461
4238	1461
4239	462
4240	0
4241	24
4242	0
4243	1468
4244	1461
4245	1468
4246	1468
4247	1468
4248	0
4249	462
4250	1468
4251	462
4252	437
4253	431
4254	1461
4255	451
4256	0
4257	0
4258	0
4259	1468
4260	141
4261	0
4262	0
4263	1461
4264	0
4265	0
4266	0
4267	0
4268	0
4269	0
4270	0
4271	1468
4272	0
4273	0
4274	0
4275	0
4276	0
4277	1461
4278	462
4279	0
4280	0
4281	0
4282	1461
4283	467
4284	0
4285	0
4286	0
4287	0
4288	1468
4289	1461
4290	395
4291	199
4292	1468
4293	0
4294	0
4295	0
4296	451
4297	435
4298	0
4299	1461
4300	1468
4301	199
4302	0
4303	1468
4304	0
4305	0
4306	0
4307	0
4308	0
4309	0
4310	0
4311	0
4312	0
4313	1468
4314	11
4315	0
4316	395
4317	1468
4318	0
4319	0
4320	0
4321	431
4322	208
4323	0
4324	1468
4325	437
4326	0
4327	437
4328	451
4329	0
4330	0
4331	1468
4332	1468
4333	1468
4334	1468
4335	1468
4336	0
4337	0
4338	0
4339	0
4340	1468
4341	1468
4342	0
4343	0
4344	1468
4345	12
4346	431
4347	0
4348	0
4349	0
4350	0
4351	0
4352	1468
4353	129
4354	0
4355	0
4356	0
4357	1468
4358	431
4359	202
4360	0
4361	1468
4362	1468
4363	0
4364	5
4365	5
4366	0
4367	0
4368	0
4369	1461
4370	1468
4371	1468
4372	1468
4373	462
4374	0
4375	0
4376	0
4377	0
4378	16
4379	8
4380	0
4381	0
4382	199
4383	0
4384	0
4385	0
4386	467
4387	1461
4388	462
4389	1259
4390	1468
4391	1468
4392	22
4393	0
4394	1461
4395	0
4396	0
4397	1468
4398	0
4399	462
4400	451
4401	1461
4402	1468
4403	0
4404	1468
4405	0
4406	1461
4407	0
4408	467
4409	0
4410	0
4411	1468
4412	0
4413	1461
4414	431
4415	435
4416	0
4417	1468
4418	0
4419	0
4420	1461
4421	1468
4422	0
4423	0
4424	1468
4425	0
4426	0
4427	0
4428	0
4429	0
4430	0
4431	0
4432	431
4433	0
4434	1468
4435	1461
4436	1468
4437	1468
4438	1461
4439	1461
4440	1461
4441	0
4442	0
4443	0
4444	0
4445	1461
4446	0
4447	0
4448	0
4449	1468
4450	1468
4451	431
4452	1461
4453	1461
4454	0
4455	0
4456	339
4457	0
4458	0
4459	0
4460	5
4461	0
4462	1468
4463	1468
4464	451
4465	1461
4466	0
4467	0
4468	0
4469	0
4470	1468
4471	0
4472	0
4473	0
4474	0
4475	0
4476	0
4477	0
4478	0
4479	0
4480	0
4481	0
4482	442
4483	1468
4484	0
4485	1468
4486	0
4487	0
4488	0
4489	0
4490	45
4491	209
4492	0
4493	467
4494	395
4495	0
4496	0
4497	0
4498	1461
4499	1461
4500	1019
4501	194
4502	0
4503	0
4504	0
4505	0
4506	0
4507	0
4508	326
4509	1461
4510	0
4511	1461
4512	0
4513	0
4514	0
4515	0
4516	0
4517	1468
4518	1461
4519	0
4520	0
4521	0
4522	0
4523	0
4524	0
4525	0
4526	0
4527	0
4528	0
4529	0
4530	0
4531	0
4532	0
4533	374
4534	451
4535	18
4536	1468
4537	0
4538	431
4539	0
4540	0
4541	0
4542	398
4543	0
4544	0
4545	462
4546	0
4547	1468
4548	1468
4549	1323
4550	1468
4551	0
4552	431
4553	0
4554	0
4555	0
4556	0
4557	0
4558	0
4559	0
4560	0
4561	0
4562	0
4563	0
4564	1461
4565	198
4566	0
4567	0
4568	1468
4569	1251
4570	24
4571	17
4572	0
4573	0
4574	0
4575	0
4576	0
4577	0
4578	467
4579	0
4580	38
4581	0
4582	1468
4583	1461
4584	1468
4585	1461
4586	462
4587	462
4588	1468
4589	0
4590	0
4591	1468
4592	1461
4593	0
4594	0
4595	1461
4596	1468
4597	0
4598	0
4599	0
4600	1468
4601	1461
4602	0
4603	0
4604	0
4605	0
4606	0
4607	0
4608	0
4609	1468
4610	0
4611	0
4612	1468
4613	0
4614	0
4615	0
4616	394
4617	1468
4618	0
4619	1461
4620	1468
4621	1461
4622	1468
4623	1468
4624	398
4625	0
4626	1468
4627	1461
4628	390
4629	0
4630	0
4631	0
4632	0
4633	390
4634	0
4635	0
4636	0
4637	12
4638	1461
4639	0
4640	0
4641	0
4642	1468
4643	1468
4644	1468
4645	0
4646	431
4647	0
4648	0
4649	1468
4650	1461
4651	1468
4652	0
4653	1461
4654	1468
4655	1468
4656	326
4657	1468
4658	5
4659	0
4660	0
4661	398
4662	0
4663	0
4664	0
4665	0
4666	1461
4667	1468
4668	1468
4669	1468
4670	0
4671	1468
4672	1468
4673	0
4674	0
4675	1468
4676	435
4677	0
4678	1468
4679	1468
4680	199
4681	3
4682	0
4683	462
4684	1468
4685	1468
4686	1468
4687	446
4688	0
4689	1461
4690	0
4691	0
4692	0
4693	0
4694	0
4695	0
4696	0
4697	0
4698	0
4699	0
4700	0
4701	0
4702	0
4703	0
4704	0
4705	0
4706	431
4707	1468
4708	0
4709	0
4710	0
4711	0
4712	0
4713	0
4714	2
4715	1468
4716	431
4717	1461
4718	1468
4719	1468
4720	1461
4721	1461
4722	431
4723	431
4724	431
4725	0
4726	0
4727	0
4728	0
4729	0
4730	0
4731	0
4732	0
4733	0
4734	0
4735	0
4736	0
4737	1461
4738	1468
4739	1468
4740	1468
4741	0
4742	0
4743	0
4744	0
4745	1468
4746	1461
4747	1461
4748	1468
4749	1461
4750	1468
4751	1468
4752	431
4753	1468
4754	431
4755	1468
4756	431
4757	0
4758	1468
4759	1468
4760	1461
4761	1468
4762	321
4763	1468
4764	1468
4765	1461
4766	0
4767	0
4768	0
4769	0
4770	0
4771	0
4772	0
4773	0
4774	0
4775	0
4776	0
4777	205
4778	1023
4779	394
4780	1062
4781	1468
4782	451
4783	0
4784	0
4785	431
4786	1468
4787	431
4788	431
4789	0
4790	0
4791	0
4792	0
4793	1468
4794	10
4795	0
4796	12
4797	0
4798	0
4799	1461
4800	1461
4801	1461
4802	0
4803	390
4804	1461
4805	0
4806	0
4807	1468
4808	0
4809	0
4810	6
4811	0
4812	0
4813	0
4814	0
4815	1461
4816	0
4817	0
4818	1461
4819	1461
4820	1461
4821	0
4822	0
4823	0
4824	0
4825	0
4826	0
4827	0
4828	0
4829	0
4830	0
4831	0
4832	0
4833	0
4834	0
4835	467
4836	437
4837	321
4838	431
4839	1468
4840	394
4841	1468
4842	0
4843	1468
4844	1468
4845	431
4846	0
4847	0
4848	0
4849	0
4850	1468
4851	1468
4852	0
4853	442
4854	0
4855	0
4856	1468
4857	1468
4858	1468
4859	0
4860	431
4861	431
4862	1468
4863	1461
4864	1468
4865	1468
4866	1468
4867	1468
4868	0
4869	17
4870	1461
4871	17
4872	0
4873	0
4874	0
4875	0
4876	0
4877	0
4878	0
4879	0
4880	0
4881	1468
4882	0
4883	0
4884	0
4885	0
4886	0
4887	0
4888	0
4889	0
4890	11
4891	1468
4892	0
4893	1468
4894	1468
4895	901
4896	0
4897	0
4898	1468
4899	1461
4900	0
4901	0
4902	0
4903	0
4904	0
4905	1468
4906	27
4907	437
4908	1468
4909	1468
4910	442
4911	5
4912	0
4913	0
4914	0
4915	0
4916	0
4917	431
4918	1461
4919	451
4920	0
4921	0
4922	0
4923	1468
4924	467
4925	1461
4926	0
4927	1461
4928	1468
4929	202
4930	0
4931	1468
4932	0
4933	0
4934	0
4935	1468
4936	74
4937	0
4938	437
4939	0
4940	0
4941	0
4942	1468
4943	0
4944	0
4945	0
4946	0
4947	0
4948	0
4949	0
4950	0
4951	0
4952	0
4953	1468
4954	1468
4955	0
4956	0
4957	0
4958	0
4959	0
4960	0
4961	1461
4962	394
4963	0
4964	0
4965	1468
4966	0
4967	0
4968	0
4969	1461
4970	6
4971	0
4972	0
4973	0
4974	431
4975	0
4976	0
4977	431
4978	1468
4979	1468
4980	1468
4981	1468
4982	0
4983	1461
4984	1461
4985	451
4986	244
4987	0
4988	0
4989	0
4990	0
4991	0
4992	50
4993	0
4994	1468
4995	0
4996	0
4997	1468
4998	0
4999	437
5000	5
5001	0
5002	1461
5003	0
5004	390
5005	0
5006	0
5007	1468
5008	9
5009	1461
5010	1468
5011	1468
5012	451
5013	442
5014	1468
5015	0
5016	0
5017	1468
5018	0
5019	0
5020	0
5021	0
5022	1468
5023	437
5024	1461
5025	0
5026	1461
5027	0
5028	0
5029	0
5030	1461
5031	1468
5032	0
5033	0
5034	0
5035	0
5036	0
5037	462
5038	462
5039	1461
5040	0
5041	0
5042	0
5043	0
5044	0
5045	0
5046	1468
5047	0
5048	1468
5049	1468
5050	431
5051	1468
5052	0
5053	0
5054	0
5055	0
5056	1468
5057	431
5058	0
5059	5
5060	0
5061	0
5062	451
5063	0
5064	0
5065	5
5066	467
5067	5
5068	0
5069	442
5070	12
5071	0
5072	437
5073	1468
5074	1468
5075	6
5076	1468
5077	1468
5078	1468
5079	0
5080	0
5081	0
5082	467
5083	431
5084	0
5085	0
5086	1468
5087	1468
5088	0
5089	0
5090	0
5091	0
5092	0
5093	0
5094	0
5095	1468
5096	1468
5097	1468
5098	162
5099	0
5100	1468
5101	1468
5102	4
5103	0
5104	0
5105	0
5106	1468
5107	0
5108	0
5109	0
5110	0
5111	0
5112	0
5113	0
5114	0
5115	0
5116	1468
5117	1468
5118	14
5119	7
5120	1468
5121	451
5122	0
5123	0
5124	0
5125	0
5126	0
5127	0
5128	0
5129	0
5130	0
5131	0
5132	0
5133	0
5134	0
5135	0
5136	0
5137	0
5138	0
5139	0
5140	0
5141	467
5142	0
5143	1468
5144	431
5145	1461
5146	7
5147	37
5148	1468
5149	0
5150	2
5151	0
5152	0
5153	462
5154	0
5155	0
5156	0
5157	0
5158	0
5159	1461
5160	1468
5161	1468
5162	0
5163	0
5164	0
5165	1468
5166	1461
5167	431
5168	0
5169	1461
5170	0
5171	437
5172	1461
5173	0
5174	0
5175	0
5176	0
5177	339
5178	0
5179	1461
5180	1461
5181	0
5182	0
5183	0
5184	0
5185	20
5186	398
5187	0
5188	0
5189	0
5190	0
5191	0
5192	0
5193	0
5194	0
5195	1468
5196	1468
5197	0
5198	0
5199	467
5200	0
5201	328
5202	1461
5203	0
5204	0
5205	0
5206	0
5207	1461
5208	1468
5209	0
5210	1468
5211	0
5212	1468
5213	431
5214	431
5215	0
5216	431
5217	0
5218	0
5219	0
5220	0
5221	1461
5222	0
5223	0
5224	0
5225	0
5226	359
5227	3
5228	1461
5229	0
5230	1461
5231	0
5232	0
5233	0
5234	0
5235	0
5236	0
5237	0
5238	6
5239	0
5240	0
5241	0
5242	1279
5243	4
5244	0
5245	0
5246	390
5247	0
5248	0
5249	1461
5250	1468
5251	398
5252	0
5253	0
5254	0
5255	0
5256	0
5257	0
5258	0
5259	467
5260	398
5261	0
5262	0
5263	0
5264	431
5265	0
5266	0
5267	0
5268	0
5269	0
5270	1468
5271	1468
5272	0
5273	462
5274	435
5275	0
5276	0
5277	0
5278	0
5279	0
5280	1468
5281	0
5282	0
5283	0
5284	1461
5285	0
5286	0
5287	0
5288	0
5289	0
5290	0
5291	0
5292	0
5293	0
5294	0
5295	1468
5296	1468
5297	241
5298	394
5299	0
5300	391
5301	0
5302	6
5303	1461
5304	6
5305	1468
5306	467
5307	394
5308	1468
5309	451
5310	1468
5311	399
5312	1468
5313	431
5314	394
5315	431
5316	431
5317	1468
5318	1461
5319	1461
5320	431
5321	431
5322	0
5323	0
5324	1468
5325	0
5326	0
5327	0
5328	4
5329	0
5330	0
5331	1468
5332	1461
5333	1461
5334	1468
5335	0
5336	198
5337	0
5338	0
5339	0
5340	0
5341	0
5342	0
5343	0
5344	0
5345	0
5346	156
5347	0
5348	0
5349	1468
5350	1461
5351	1468
5352	1468
5353	1461
5354	1468
5355	1461
5356	431
5357	1468
5358	1468
5359	431
5360	1468
5361	0
5362	0
5363	0
5364	0
5365	0
5366	0
5367	0
5368	0
5369	0
5370	14
5371	0
5372	391
5373	0
5374	0
5375	0
5376	0
5377	0
5378	0
5379	0
5380	0
5381	0
5382	0
5383	0
5384	0
5385	0
5386	3
5387	1468
5388	431
5389	1461
5390	391
5391	1468
5392	1461
5393	3
5394	462
5395	462
5396	1461
5397	1461
5398	1461
5399	431
5400	1468
5401	431
5402	0
5403	1468
5404	0
5405	0
5406	0
5407	0
5408	1461
5409	0
5410	0
5411	0
5412	0
5413	0
5414	0
5415	0
5416	0
5417	0
5418	0
5419	0
5420	0
5421	0
5422	1468
5423	0
5424	0
5425	0
5426	1468
5427	0
5428	0
5429	0
5430	0
5431	0
5432	0
5433	0
5434	0
5435	0
5436	0
5437	0
5438	0
5439	0
5440	0
5441	0
5442	0
5443	0
5444	3
5445	1468
5446	1468
5447	0
5448	1468
5449	0
5450	0
5451	0
5452	0
5453	0
5454	0
5455	0
5456	431
5457	1461
5458	1461
5459	12
5460	0
5461	1468
5462	0
5463	0
5464	0
5465	0
5466	0
5467	0
5468	0
5469	0
5470	0
5471	0
5472	1468
5473	431
5474	1468
5475	0
5476	0
5477	442
5478	0
5479	0
5480	1468
5481	1461
5482	1468
5483	0
5484	390
5485	0
5486	0
5487	0
5488	339
5489	1461
5490	202
5491	0
5492	0
5493	1461
5494	0
5495	467
5496	6
5497	1468
5498	0
5499	0
5500	0
5501	0
5502	0
5503	0
5504	431
5505	0
5506	0
5507	0
5508	0
5509	0
5510	395
5511	1461
5512	462
5513	0
5514	0
5515	0
5516	1461
5517	6
5518	0
5519	3
5520	0
5521	0
5522	431
5523	0
5524	0
5525	0
5526	0
5527	431
5528	0
5529	0
5530	0
5531	0
5532	1461
5533	1461
5534	0
5535	392
5536	1468
5537	0
5538	0
5539	0
5540	467
5541	0
5542	0
5543	0
5544	0
5545	0
5546	1066
5547	0
5548	0
5549	0
5550	1461
5551	0
5552	0
5553	1047
5554	0
5555	0
5556	0
5557	1468
5558	435
5559	435
5560	0
5561	0
5562	0
5563	0
5564	1461
5565	0
5566	0
5567	0
5568	0
5569	1461
5570	1461
5571	1461
5572	0
5573	431
5574	5
5575	0
5576	0
5577	0
5578	0
5579	0
5580	0
5581	1468
5582	0
5583	0
5584	0
5585	0
5586	1461
5587	3
5588	0
5589	0
5590	0
5591	0
5592	1468
5593	1468
5594	0
5595	0
5596	0
5597	395
5598	1461
5599	1468
5600	0
5601	0
5602	0
5603	0
5604	0
5605	0
5606	0
5607	0
5608	0
5609	0
5610	398
5611	1468
5612	0
5613	0
5614	0
5615	0
5616	0
5617	0
5618	7
5619	1468
5620	0
5621	0
5622	0
5623	0
5624	0
5625	0
5626	0
5627	0
5628	0
5629	0
5630	0
5631	0
5632	0
5633	0
5634	0
5635	394
5636	0
5637	1468
5638	0
5639	0
5640	0
5641	0
5642	0
5643	0
5644	0
5645	467
5646	1468
5647	1468
5648	288
5649	0
5650	0
5651	0
5652	0
5653	0
5654	0
5655	0
5656	0
5657	0
5658	0
5659	0
5660	0
5661	1468
5662	394
5663	0
5664	8
5665	1468
5666	7
5667	0
5668	1468
5669	0
5670	0
5671	0
5672	0
5673	1468
5674	3
5675	0
5676	0
5677	198
5678	1468
5679	0
5680	1468
5681	1461
5682	1468
5683	202
5684	0
5685	0
5686	0
5687	0
5688	0
5689	0
5690	0
5691	1461
5692	1461
5693	0
5694	5
5695	0
5696	0
5697	339
5698	1461
5699	1468
5700	1461
5701	0
5702	586
5703	0
5704	0
5705	467
5706	467
5707	17
5708	0
5709	0
5710	0
5711	0
5712	0
5713	321
5714	442
5715	0
5716	321
5717	1468
5718	1468
5719	1461
5720	1468
5721	202
5722	1461
5723	234
5724	0
5725	0
5726	0
5727	0
5728	0
5729	0
5730	0
5731	1461
5732	1461
5733	0
5734	0
5735	0
5736	0
5737	0
5738	0
5739	1461
5740	0
5741	7
5742	0
5743	152
5744	437
5745	1468
5746	1468
5747	0
5748	0
5749	0
5750	1468
5751	1461
5752	462
5753	1468
5754	0
5755	0
5756	0
5757	0
5758	0
5759	0
5760	0
5761	0
5762	0
5763	0
5764	467
5765	431
5766	1461
5767	0
5768	0
5769	0
5770	398
5771	0
5772	0
5773	1468
5774	1468
5775	0
5776	0
5777	0
5778	0
5779	1461
5780	1468
5781	1468
5782	0
5783	339
5784	431
5785	0
5786	0
5787	1468
5788	0
5789	0
5790	1468
5791	0
5792	0
5793	0
5794	395
5795	398
5796	467
5797	467
5798	442
5799	442
5800	435
5801	1461
5802	0
5803	0
5804	0
5805	0
5806	0
5807	0
5808	0
5809	0
5810	0
5811	0
5812	0
5813	0
5814	1468
5815	0
5816	0
5817	431
5818	0
5819	0
5820	0
5821	0
5822	0
5823	205
5824	0
5825	0
5826	1468
5827	431
5828	0
5829	0
5830	1461
5831	0
5832	437
5833	1468
5834	0
5835	0
5836	0
5837	0
5838	0
5839	198
5840	0
5841	0
5842	0
5843	14
5844	431
5845	0
5846	321
5847	467
5848	1461
5849	1468
5850	1468
5851	1468
5852	435
5853	1468
5854	1468
5855	398
5856	1461
5857	1468
5858	431
5859	462
5860	0
5861	1468
5862	3
5863	0
5864	0
5865	0
5866	0
5867	467
5868	14
5869	0
5870	437
5871	1461
5872	1461
5873	1461
5874	24
5875	0
5876	0
5877	1468
5878	1468
5879	431
5880	1461
5881	1468
5882	1468
5883	462
5884	0
5885	1468
5886	1461
5887	0
5888	0
5889	1461
5890	0
5891	0
5892	0
5893	0
5894	0
5895	14
5896	1461
5897	0
5898	1468
5899	0
5900	451
5901	1468
5902	0
5903	0
5904	0
5905	1468
5906	1468
5907	1461
5908	0
5909	467
5910	0
5911	0
5912	14
5913	0
5914	0
5915	0
5916	0
5917	0
5918	0
5919	0
5920	0
5921	0
5922	0
5923	1468
5924	1468
5925	1468
5926	3
5927	0
5928	0
5929	1468
5930	398
5931	1468
5932	398
5933	1461
5934	1468
5935	435
5936	431
5937	1468
5938	1468
5939	1461
5940	1461
5941	0
5942	0
5943	0
5944	0
5945	0
5946	0
5947	0
5948	0
5949	0
5950	0
5951	0
5952	0
5953	0
5954	0
5955	0
5956	0
5957	0
5958	0
5959	0
5960	0
5961	0
5962	0
5963	6
5964	0
5965	65
5966	0
5967	0
5968	0
5969	0
5970	0
5971	0
5972	0
5973	0
5974	0
5975	0
5976	0
5977	0
5978	0
5979	0
5980	1468
5981	435
5982	1461
5983	1461
5984	398
5985	0
5986	0
5987	1461
5988	1461
5989	1468
5990	17
5991	0
5992	0
5993	0
5994	0
5995	0
5996	0
5997	0
5998	0
5999	0
6000	0
6001	0
6002	0
6003	0
6004	1468
6005	199
6006	20
6007	0
6008	49
6009	0
6010	0
6011	0
6012	6
6013	0
6014	0
6015	0
6016	0
6017	326
6018	462
6019	0
6020	390
6021	1468
6022	14
6023	0
6024	0
6025	0
6026	0
6027	0
6028	0
6029	0
6030	0
6031	1461
6032	1461
6033	306
6034	1468
6035	20
6036	0
6037	0
6038	0
6039	398
6040	0
6041	0
6042	0
6043	0
6044	0
6045	0
6046	1468
6047	1461
6048	1461
6049	390
6050	0
6051	0
6052	1468
6053	1461
6054	0
6055	1468
6056	0
6057	0
6058	0
6059	0
6060	0
6061	0
6062	0
6063	0
6064	0
6065	0
6066	0
6067	0
6068	0
6069	0
6070	0
6071	0
6072	0
6073	0
6074	0
6075	0
6076	0
6077	0
6078	0
6079	0
6080	1461
6081	1461
6082	1468
6083	5
6084	0
6085	0
6086	0
6087	0
6088	0
6089	0
6090	1461
6091	1461
6092	0
6093	0
6094	0
6095	0
6096	1468
6097	0
6098	0
6099	0
6100	0
6101	467
6102	0
6103	0
6104	1468
6105	1461
6106	0
6107	0
6108	0
6109	1468
6110	437
6111	1468
6112	431
6113	0
6114	0
6115	0
6116	0
6117	437
6118	0
6119	0
6120	0
6121	0
6122	0
6123	0
6124	0
6125	0
6126	0
6127	0
6128	0
6129	0
6130	0
6131	1461
6132	394
6133	1468
6134	0
6135	0
6136	0
6137	0
6138	0
6139	0
6140	0
6141	0
6142	0
6143	0
6144	0
6145	0
6146	0
6147	0
6148	0
6149	0
6150	0
6151	0
6152	0
6153	0
6154	0
6155	0
6156	0
6157	1468
6158	1468
6159	0
6160	0
6161	0
6162	431
6163	5
6164	1468
6165	431
6166	1461
6167	1461
6168	0
6169	0
6170	0
6171	0
6172	0
6173	0
6174	1461
6175	1461
6176	0
6177	0
6178	0
6179	1461
6180	0
6181	1468
6182	431
6183	0
6184	0
6185	1461
6186	0
6187	1461
6188	1468
6189	1468
6190	1461
6191	1461
6192	0
6193	467
6194	0
6195	0
6196	0
6197	1461
6198	0
6199	0
6200	1461
6201	467
6202	0
6203	0
6204	0
6205	467
6206	0
6207	467
6208	1461
6209	8
6210	0
6211	0
6212	0
6213	0
6214	0
6215	0
6216	0
6217	0
6218	0
6219	0
6220	0
6221	0
6222	0
6223	0
6224	0
6225	1468
6226	1468
6227	0
6228	0
6229	0
6230	1468
6231	1468
6232	1468
6233	1461
6234	0
6235	394
6236	1468
6237	8
6238	437
6239	1461
6240	0
6241	0
6242	0
6243	0
6244	0
6245	462
6246	1461
6247	1468
6248	0
6249	0
6250	0
6251	1468
6252	0
6253	0
6254	0
6255	0
6256	0
6257	1461
6258	0
6259	0
6260	1461
6261	0
6262	0
6263	0
6264	1468
6265	0
6266	0
6267	0
6268	1468
6269	1468
6270	0
6271	0
6272	0
6273	0
6274	0
6275	0
6276	1468
6277	0
6278	0
6279	0
6280	0
6281	0
6282	0
6283	467
6284	0
6285	0
6286	0
6287	0
6288	24
6289	0
6290	0
6291	0
6292	0
6293	0
6294	0
6295	0
6296	0
6297	0
6298	0
6299	0
6300	1468
6301	1468
6302	0
6303	1461
6304	0
6305	0
6306	1461
6307	0
6308	17
6309	0
6310	390
6311	0
6312	321
6313	0
6314	0
6315	0
6316	1468
6317	1468
6318	7
6319	0
6320	0
6321	0
6322	0
6323	0
6324	1461
6325	0
6326	1468
6327	0
6328	0
6329	0
6330	0
6331	1461
6332	0
6333	19
6334	6
6335	0
6336	0
6337	0
6338	0
6339	0
6340	1461
6341	0
6342	437
6343	1461
6344	435
6345	1461
6346	467
6347	0
6348	431
6349	0
6350	4
6351	0
6352	4
6353	0
6354	0
6355	0
6356	0
6357	0
6358	0
6359	0
6360	17
6361	1468
6362	0
6363	1468
6364	1461
6365	0
6366	435
6367	0
6368	0
6369	1461
6370	0
6371	0
6372	1468
6373	1468
6374	431
6375	0
6376	0
6377	0
6378	0
6379	431
6380	0
6381	0
6382	0
6383	0
6384	0
6385	0
6386	0
6387	0
6388	398
6389	22
6390	0
6391	1468
6392	1461
6393	0
6394	0
6395	1468
6396	431
6397	1468
6398	1468
6399	1468
6400	1461
6401	0
6402	0
6403	0
6404	0
6405	0
6406	0
6407	1468
6408	435
6409	0
6410	0
6411	0
6412	1468
6413	1461
6414	1468
6415	89
6416	0
6417	0
6418	0
6419	0
6420	1461
6421	431
6422	431
6423	1461
6424	0
6425	0
6426	0
6427	1468
6428	0
6429	0
6430	1468
6431	1461
6432	0
6433	0
6434	0
6435	0
6436	1468
6437	451
6438	1468
6439	0
6440	0
6441	0
6442	1468
6443	1468
6444	2
6445	0
6446	0
6447	0
6448	0
6449	0
6450	0
6451	0
6452	0
6453	0
6454	4
6455	1468
6456	199
6457	0
6458	0
6459	0
6460	0
6461	326
6462	1468
6463	0
6464	0
6465	0
6466	0
6467	0
6468	0
6469	0
6470	0
6471	0
6472	1461
6473	356
6474	0
6475	431
6476	202
6477	0
6478	0
6479	1468
6480	1461
6481	1461
6482	1468
6483	199
6484	1468
6485	1468
6486	0
6487	0
6488	0
6489	0
6490	1461
6491	462
6492	462
6493	462
6494	0
6495	0
6496	1468
6497	0
6498	0
6499	0
6500	394
6501	1468
6502	0
6503	0
6504	1461
6505	0
6506	0
6507	0
6508	0
6509	0
6510	0
6511	0
6512	7
6513	0
6514	0
6515	1468
6516	431
6517	0
6518	431
6519	0
6520	0
6521	0
6522	0
6523	326
6524	0
6525	0
6526	0
6527	1468
6528	1461
6529	431
6530	0
6531	0
6532	0
6533	0
6534	0
6535	0
6536	0
6537	0
6538	431
6539	0
6540	0
6541	0
6542	0
6543	0
6544	0
6545	0
6546	0
6547	320
6548	435
6549	462
6550	0
6551	0
6552	0
6553	0
6554	0
6555	0
6556	0
6557	0
6558	0
6559	0
6560	0
6561	0
6562	0
6563	0
6564	437
6565	1461
6566	1461
6567	1461
6568	0
6569	0
6570	0
6571	0
6572	0
6573	1468
6574	1461
6575	431
6576	431
6577	1468
6578	1461
6579	1468
6580	1461
6581	1468
6582	1468
6583	321
6584	0
6585	0
6586	0
6587	0
6588	0
6589	0
6590	0
6591	0
6592	0
6593	0
6594	0
6595	0
6596	0
6597	0
6598	0
6599	0
6600	0
6601	0
6602	199
6603	0
6604	0
6605	0
6606	0
6607	0
6608	0
6609	0
6610	0
6611	0
6612	0
6613	0
6614	0
6615	0
6616	395
6617	0
6618	0
6619	394
6620	1468
6621	451
6622	1468
6623	1461
6624	1461
6625	1468
6626	1461
6627	462
6628	451
6629	462
6630	1468
6631	1468
6632	1468
6633	198
6634	1468
6635	1468
6636	1461
6637	1468
6638	1468
6639	1461
6640	0
6641	0
6642	0
6643	0
6644	0
6645	0
6646	0
6647	0
6648	0
6649	0
6650	1461
6651	0
6652	1468
6653	431
6654	0
6655	11
6656	6
6657	0
6658	0
6659	20
6660	0
6661	442
6662	4
6663	0
6664	0
6665	0
6666	0
6667	0
6668	462
6669	20
6670	0
6671	451
6672	0
6673	0
6674	1468
6675	0
6676	0
6677	0
6678	0
6679	0
6680	0
6681	14
6682	1468
6683	198
6684	1461
6685	398
6686	7
6687	0
6688	1468
6689	1461
6690	199
6691	1461
6692	0
6693	1468
6694	437
6695	437
6696	451
6697	0
6698	0
6699	227
6700	0
6701	0
6702	0
6703	0
6704	398
6705	0
6706	0
6707	0
6708	0
6709	0
6710	0
6711	1468
6712	431
6713	1461
6714	1461
6715	1468
6716	1468
6717	1461
6718	0
6719	0
6720	1461
6721	435
6722	0
6723	0
6724	1468
6725	1468
6726	1468
6727	1468
6728	0
6729	0
6730	0
6731	1468
6732	0
6733	0
6734	942
6735	0
6736	0
6737	0
6738	0
6739	0
6740	0
6741	1468
6742	1461
6743	1468
6744	394
6745	0
6746	1468
6747	1468
6748	0
6749	6
6750	0
6751	0
6752	0
6753	0
6754	467
6755	431
6756	1461
6757	431
6758	431
6759	462
6760	0
6761	1468
6762	2
6763	0
6764	0
6765	0
6766	0
6767	1461
6768	0
6769	0
6770	0
6771	0
6772	0
6773	0
6774	0
6775	0
6776	0
6777	0
6778	0
6779	0
6780	0
6781	1468
6782	462
6783	435
6784	0
6785	442
6786	1461
6787	0
6788	0
6789	0
6790	0
6791	1468
6792	3
6793	0
6794	0
6795	0
6796	431
6797	398
6798	0
6799	431
6800	1468
6801	0
6802	0
6803	0
6804	0
6805	8
6806	1468
6807	0
6808	0
6809	321
6810	1461
6811	1468
6812	326
6813	1468
6814	0
6815	8
6816	0
6817	0
6818	431
6819	1468
6820	435
6821	1461
6822	1468
6823	394
6824	0
6825	0
6826	431
6827	1468
6828	431
6829	0
6830	0
6831	0
6832	1468
6833	8
6834	1468
6835	1468
6836	338
6837	0
6838	0
6839	0
6840	0
6841	0
6842	0
6843	1468
6844	1468
6845	1468
6846	0
6847	0
6848	0
6849	437
6850	1468
6851	0
6852	1468
6853	1468
6854	0
6855	0
6856	0
6857	199
6858	0
6859	0
6860	0
6861	0
6862	0
6863	0
6864	0
6865	1461
6866	9
6867	0
6868	0
6869	0
6870	1461
6871	393
6872	390
6873	0
6874	1468
6875	0
6876	462
6877	462
6878	1468
6879	0
6880	0
6881	0
6882	0
6883	0
6884	0
6885	0
6886	1461
6887	1468
6888	202
6889	0
6890	0
6891	1468
6892	0
6893	5
6894	0
6895	2
6896	0
6897	0
6898	431
6899	1468
6900	0
6901	1468
6902	14
6903	5
6904	1468
6905	0
6906	467
6907	1468
6908	467
6909	0
6910	0
6911	0
6912	0
6913	0
6914	0
6915	1461
6916	1461
6917	431
6918	1461
6919	0
6920	0
6921	0
6922	437
6923	437
6924	1468
6925	1461
6926	0
6927	0
6928	0
6929	0
6930	0
6931	0
6932	0
6933	0
6934	0
6935	0
6936	1468
6937	0
6938	431
6939	390
6940	390
6941	467
6942	1461
6943	199
6944	0
6945	0
6946	431
6947	0
6948	431
6949	0
6950	0
6951	1468
6952	1461
6953	0
6954	0
6955	0
6956	0
6957	1468
6958	1468
6959	431
6960	1468
6961	1468
6962	0
6963	467
6964	1468
6965	0
6966	0
6967	0
6968	1468
6969	0
6970	0
6971	0
6972	0
6973	0
6974	1461
6975	0
6976	0
6977	1468
6978	1461
6979	1468
6980	1468
6981	0
6982	394
6983	1461
6984	1461
6985	451
6986	435
6987	0
6988	0
6989	0
6990	0
6991	0
6992	1461
6993	1468
6994	1468
6995	0
6996	0
6997	0
6998	0
6999	1468
7000	0
7001	0
7002	1468
7003	398
7004	124
7005	1468
7006	1468
7007	1468
7008	0
7009	0
7010	0
7011	0
7012	0
7013	1468
7014	1461
7015	0
7016	0
7017	0
7018	0
7019	0
7020	0
7021	0
7022	0
7023	462
7024	0
7025	0
7026	0
7027	1468
7028	451
7029	197
7030	0
7031	1468
7032	435
7033	0
7034	0
7035	431
7036	0
7037	0
7038	0
7039	1461
7040	0
7041	8
7042	0
7043	0
7044	369
7045	199
7046	1468
7047	435
7048	0
7049	1461
7050	1461
7051	1468
7052	1468
7053	1468
7054	1468
7055	0
7056	1461
7057	398
7058	0
7059	0
7060	8
7061	326
7062	0
7063	0
7064	202
7065	0
7066	0
7067	0
7068	1468
7069	0
7070	0
7071	0
7072	1468
7073	437
7074	0
7075	0
7076	1468
7077	1468
7078	1461
7079	1461
7080	7
7081	17
7082	0
7083	435
7084	394
7085	0
7086	0
7087	0
7088	0
7089	0
7090	0
7091	1468
7092	0
7093	0
7094	1468
7095	1468
7096	1468
7097	467
7098	0
7099	8
7100	5
7101	0
7102	0
7103	0
7104	0
7105	0
7106	0
7107	0
7108	10
7109	8
7110	0
7111	0
7112	0
7113	462
7114	462
7115	1468
7116	435
7117	1468
7118	0
7119	0
7120	0
7121	0
7122	0
7123	0
7124	0
7125	467
7126	1468
7127	1461
7128	1468
7129	0
7130	0
7131	1234
7132	335
7133	0
7134	4
7135	431
7136	462
7137	451
7138	1461
7139	1468
7140	1468
7141	1468
7142	431
7143	1461
7144	0
7145	0
7146	0
7147	0
7148	0
7149	0
7150	0
7151	0
7152	0
7153	0
7154	0
7155	0
7156	0
7157	1468
7158	1468
7159	1461
7160	0
7161	0
7162	17
7163	17
7164	11
7165	37
7166	0
7167	0
7168	0
7169	0
7170	1461
7171	437
7172	1468
7173	5
7174	5
7175	1461
7176	1468
7177	395
7178	1461
7179	1461
7180	1461
7181	435
7182	1468
7183	1468
7184	1461
7185	0
7186	0
7187	0
7188	0
7189	0
7190	0
7191	1468
7192	1461
7193	1461
7194	0
7195	0
7196	0
7197	0
7198	437
7199	0
7200	0
7201	0
7202	0
7203	1468
7204	974
7205	0
7206	0
7207	0
7208	0
7209	0
7210	0
7211	0
7212	0
7213	0
7214	0
7215	0
7216	0
7217	0
7218	0
7219	462
7220	11
7221	1461
7222	1461
7223	1468
7224	462
7225	1461
7226	1468
7227	1461
7228	467
7229	1468
7230	653
7231	0
7232	0
7233	0
7234	0
7235	0
7236	0
7237	0
7238	0
7239	0
7240	0
7241	0
7242	0
7243	1468
7244	0
7245	0
7246	0
7247	0
7248	0
7249	0
7250	0
7251	0
7252	0
7253	0
7254	0
7255	0
7256	0
7257	0
7258	0
7259	0
7260	0
7261	0
7262	0
7263	0
7264	0
7265	0
7266	0
7267	0
7268	0
7269	0
7270	0
7271	17
7272	398
7273	1468
7274	1468
7275	451
7276	0
7277	395
7278	59
7279	1468
7280	5
7281	398
7282	1461
7283	1461
7284	442
7285	1468
7286	431
7287	1461
7288	198
7289	442
7290	0
7291	0
7292	0
7293	0
7294	1468
7295	0
7296	50
7297	0
7298	398
7299	0
7300	0
7301	467
7302	7
7303	0
7304	0
7305	449
7306	0
7307	0
7308	462
7309	1461
7310	0
7311	0
7312	0
7313	0
7314	1461
7315	6
7316	0
7317	0
7318	0
7319	0
7320	0
7321	0
7322	0
7323	0
7324	0
7325	0
7326	1461
7327	431
7328	1461
7329	0
7330	1461
7331	431
7332	0
7333	0
7334	0
7335	0
7336	0
7337	321
7338	321
7339	1468
7340	378
7341	4
7342	0
7343	0
7344	1461
7345	1461
7346	1461
7347	8
7348	0
7349	0
7350	0
7351	0
7352	0
7353	5
7354	0
7355	1461
7356	451
7357	451
7358	1468
7359	451
7360	1468
7361	0
7362	0
7363	0
7364	1018
7365	0
7366	9
7367	0
7368	1468
7369	1468
7370	9
7371	0
7372	0
7373	1468
7374	1461
7375	1468
7376	0
7377	0
7378	1461
7379	1468
7380	199
7381	1461
7382	1468
7383	0
7384	0
7385	0
7386	1468
7387	1468
7388	1468
7389	462
7390	0
7391	1468
7392	0
7393	1461
7394	1468
7395	442
7396	437
7397	1461
7398	1468
7399	1468
7400	1468
7401	0
7402	1468
7403	1468
7404	0
7405	0
7406	0
7407	0
7408	0
7409	0
7410	0
7411	1468
7412	0
7413	0
7414	0
7415	0
7416	0
7417	1461
7418	0
7419	1468
7420	431
7421	1468
7422	1461
7423	390
7424	1468
7425	0
7426	1461
7427	462
7428	0
7429	1468
7430	431
7431	1468
7432	0
7433	0
7434	0
7435	0
7436	0
7437	0
7438	0
7439	0
7440	431
7441	431
7442	6
7443	1461
7444	199
7445	731
7446	442
7447	321
7448	0
7449	1461
7450	0
7451	0
7452	462
7453	0
7454	1461
7455	0
7456	3
7457	0
7458	1461
7459	0
7460	467
7461	0
7462	0
7463	1468
7464	1468
7465	0
7466	1468
7467	431
7468	431
7469	1461
7470	0
7471	0
7472	0
7473	0
7474	0
7475	0
7476	0
7477	0
7478	0
7479	0
7480	0
7481	0
7482	0
7483	1468
7484	394
7485	0
7486	437
7487	0
7488	1468
7489	1468
7490	0
7491	0
7492	1461
7493	1468
7494	1468
7495	10
7496	0
7497	0
7498	1468
7499	431
7500	1468
7501	0
7502	0
7503	0
7504	0
7505	0
7506	0
7507	0
7508	0
7509	1461
7510	0
7511	0
7512	0
7513	0
7514	0
7515	1468
7516	0
7517	1468
7518	1468
7519	0
7520	1461
7521	1461
7522	372
7523	0
7524	0
7525	0
7526	1461
7527	1461
7528	0
7529	0
7530	0
7531	0
7532	0
7533	0
7534	0
7535	0
7536	0
7537	0
7538	0
7539	0
7540	0
7541	1468
7542	1468
7543	431
7544	431
7545	0
7546	0
7547	467
7548	1468
7549	0
7550	0
7551	467
7552	1468
7553	0
7554	1461
7555	4
7556	0
7557	0
7558	0
7559	0
7560	0
7561	1461
7562	1468
7563	0
7564	0
7565	1461
7566	435
7567	9
7568	0
7569	0
7570	0
7571	1461
7572	203
7573	1461
7574	1461
7575	1461
7576	0
7577	0
7578	0
7579	0
7580	0
7581	0
7582	0
7583	437
7584	1468
7585	0
7586	435
7587	0
7588	0
7589	0
7590	395
7591	1461
7592	0
7593	0
7594	0
7595	0
7596	0
7597	0
7598	0
7599	0
7600	0
7601	0
7602	431
7603	1468
7604	1468
7605	3
7606	0
7607	1468
7608	1468
7609	9
7610	0
7611	0
7612	0
7613	0
7614	0
7615	0
7616	1468
7617	1461
7618	1468
7619	0
7620	0
7621	0
7622	0
7623	0
7624	0
7625	0
7626	0
7627	0
7628	0
7629	0
7630	0
7631	5
7632	9
7633	1461
7634	1468
7635	0
7636	1461
7637	0
7638	2
7639	0
7640	0
7641	0
7642	0
7643	398
7644	0
7645	0
7646	390
7647	394
7648	0
7649	0
7650	1468
7651	0
7652	0
7653	0
7654	1468
7655	0
7656	1468
7657	0
7658	4
7659	1461
7660	0
7661	0
7662	0
7663	1461
7664	1468
7665	0
7666	394
7667	37
7668	4
7669	0
7670	0
7671	1468
7672	0
7673	0
7674	0
7675	0
7676	0
7677	0
7678	0
7679	0
7680	0
7681	0
7682	0
7683	199
7684	451
7685	197
7686	431
7687	1468
7688	0
7689	4
7690	0
7691	0
7692	0
7693	1468
7694	0
7695	0
7696	0
7697	0
7698	0
7699	0
7700	0
7701	0
7702	0
7703	451
7704	0
7705	10
7706	1468
7707	431
7708	1461
7709	0
7710	384
7711	0
7712	1468
7713	0
7714	0
7715	0
7716	0
7717	0
7718	0
7719	0
7720	0
7721	0
7722	0
7723	0
7724	326
7725	1468
7726	0
7727	0
7728	0
7729	1461
7730	442
7731	0
7732	0
7733	0
7734	0
7735	0
7736	1461
7737	0
7738	0
7739	0
7740	0
7741	0
7742	1468
7743	442
7744	1468
7745	431
7746	198
7747	0
7748	0
7749	0
7750	0
7751	1468
7752	1461
7753	197
7754	0
7755	0
7756	0
7757	1461
7758	0
7759	0
7760	0
7761	0
7762	0
7763	0
7764	0
7765	0
7766	0
7767	0
7768	0
7769	0
7770	0
7771	0
7772	0
7773	0
7774	0
7775	1468
7776	1461
7777	1468
7778	197
7779	398
7780	0
7781	0
7782	0
7783	431
7784	1468
7785	1468
7786	431
7787	0
7788	0
7789	0
7790	0
7791	0
7792	442
7793	0
7794	0
7795	442
7796	1468
7797	442
7798	0
7799	1461
7800	1468
7801	1468
7802	1468
7803	437
7804	0
7805	0
7806	0
7807	0
7808	0
7809	394
7810	398
7811	390
7812	199
7813	0
7814	1004
7815	0
7816	0
7817	0
7818	0
7819	0
7820	0
7821	0
7822	0
7823	0
7824	0
7825	0
7826	1468
7827	0
7828	206
7829	435
7830	90
7831	1461
7832	0
7833	1461
7834	451
7835	462
7836	1468
7837	1461
7838	1468
7839	1461
7840	1468
7841	431
7842	0
7843	0
7844	0
7845	0
7846	431
7847	0
7848	1461
7849	0
7850	0
7851	0
7852	0
7853	0
7854	0
7855	0
7856	0
7857	1461
7858	0
7859	0
7860	0
7861	467
7862	1468
7863	1468
7864	467
7865	0
7866	0
7867	0
7868	0
7869	0
7870	0
7871	0
7872	0
7873	398
7874	0
7875	0
7876	0
7877	0
7878	0
7879	0
7880	6
7881	0
7882	24
7883	1468
7884	1468
7885	1468
7886	5
7887	13
7888	0
7889	0
7890	0
7891	0
7892	0
7893	0
7894	0
7895	0
7896	0
7897	0
7898	0
7899	0
7900	0
7901	0
7902	0
7903	0
7904	0
7905	0
7906	0
7907	0
7908	0
7909	0
7910	0
7911	0
7912	0
7913	0
7914	1461
7915	435
7916	462
7917	462
7918	0
7919	467
7920	321
7921	1461
7922	1468
7923	1468
7924	395
7925	0
7926	1468
7927	1468
7928	0
7929	451
7930	1461
7931	0
7932	1468
7933	399
7934	0
7935	0
7936	1468
7937	442
7938	0
7939	0
7940	0
7941	442
7942	442
7943	1461
7944	0
7945	0
7946	0
7947	0
7948	1461
7949	1461
7950	0
7951	1468
7952	1461
7953	431
7954	1461
7955	0
7956	0
7957	0
7958	56
7959	5
7960	0
7961	1468
7962	1461
7963	0
7964	1468
7965	242
7966	394
7967	0
7968	0
7969	0
7970	0
7971	0
7972	0
7973	0
7974	0
7975	0
7976	5
7977	0
7978	0
7979	0
7980	0
7981	0
7982	1468
7983	0
7984	1468
7985	394
7986	434
7987	1461
7988	0
7989	0
7990	5
7991	0
7992	1461
7993	0
7994	0
7995	0
7996	0
7997	0
7998	0
7999	0
8000	431
8001	0
8002	1461
8003	462
8004	0
8005	7
8006	1461
8007	1461
8008	0
8009	0
8010	394
8011	0
8012	0
8013	0
8014	0
8015	1468
8016	321
8017	431
8018	0
8019	1468
8020	1468
8021	0
8022	0
8023	0
8024	0
8025	0
8026	0
8027	0
8028	0
8029	0
8030	0
8031	0
8032	0
8033	0
8034	0
8035	0
8036	0
8037	1468
8038	1468
8039	0
8040	1461
8041	0
8042	431
8043	0
8044	0
8045	1461
8046	442
8047	0
8048	1461
8049	0
8050	0
8051	0
8052	1468
8053	0
8054	1461
8055	1468
8056	1468
8057	0
8058	1461
8059	467
8060	390
8061	0
8062	0
8063	326
8064	0
8065	0
8066	451
8067	1461
8068	1468
8069	1461
8070	1461
8071	0
8072	0
8073	0
8074	0
8075	0
8076	0
8077	0
8078	0
8079	0
8080	1468
8081	0
8082	462
8083	398
8084	442
8085	467
8086	0
8087	0
8088	0
8089	0
8090	0
8091	0
8092	0
8093	0
8094	5
8095	462
8096	0
8097	0
8098	0
8099	0
8100	0
8101	0
8102	0
8103	1468
8104	431
8105	1468
8106	1461
8107	1461
8108	0
8109	0
8110	1468
8111	1468
8112	1468
8113	6
8114	0
8115	0
8116	0
8117	0
8118	1468
8119	1461
8120	0
8121	0
8122	1468
8123	0
8124	0
8125	0
8126	0
8127	0
8128	1461
8129	1468
8130	1461
8131	1468
8132	431
8133	0
8134	0
8135	0
8136	339
8137	0
8138	0
8139	0
8140	0
8141	0
8142	0
8143	0
8144	0
8145	0
8146	0
8147	0
8148	0
8149	0
8150	0
8151	0
8152	1468
8153	0
8154	18
8155	1468
8156	1461
8157	207
8158	17
8159	0
8160	1468
8161	431
8162	0
8163	0
8164	462
8165	435
8166	451
8167	0
8168	0
8169	0
8170	0
8171	0
8172	0
8173	0
8174	0
8175	0
8176	1468
8177	1468
8178	6
8179	462
8180	1468
8181	0
8182	0
8183	4
8184	0
8185	0
8186	1468
8187	0
8188	0
8189	0
8190	17
8191	339
8192	0
8193	1461
8194	184
8195	0
8196	0
8197	0
8198	0
8199	1468
8200	203
8201	0
8202	1468
8203	1468
8204	1461
8205	0
8206	0
8207	3
8208	0
8209	431
8210	0
8211	0
8212	462
8213	0
8214	0
8215	0
8216	0
8217	0
8218	0
8219	321
8220	1468
8221	0
8222	0
8223	0
8224	431
8225	1461
8226	0
8227	0
8228	0
8229	1461
8230	1461
8231	437
8232	451
8233	0
8234	16
8235	0
8236	431
8237	0
8238	0
8239	467
8240	442
8241	1468
8242	0
8243	0
8244	0
8245	0
8246	431
8247	0
8248	0
8249	0
8250	3
8251	285
8252	0
8253	15
8254	1468
8255	442
8256	0
8257	0
8258	1461
8259	435
8260	1468
8261	0
8262	1468
8263	431
8264	0
8265	0
8266	0
8267	0
8268	0
8269	1461
8270	398
8271	0
8272	0
8273	1468
8274	37
8275	451
8276	0
8277	0
8278	0
8279	0
8280	0
8281	0
8282	0
8283	0
8284	398
8285	0
8286	431
8287	451
8288	12
8289	0
8290	0
8291	0
8292	0
8293	1468
8294	1468
8295	1468
8296	0
8297	0
8298	1468
8299	1468
8300	0
8301	0
8302	1468
8303	451
8304	14
8305	0
8306	204
8307	0
8308	0
8309	0
8310	0
8311	451
8312	0
8313	1468
8314	1468
8315	395
8316	1468
8317	0
8318	1468
8319	3
8320	0
8321	1468
8322	431
8323	0
8324	0
8325	1468
8326	0
8327	0
8328	0
8329	0
8330	0
8331	0
8332	0
8333	1461
8334	217
8335	0
8336	0
8337	1461
8338	437
8339	0
8340	442
8341	0
8342	0
8343	13
8344	0
8345	1461
8346	0
8347	0
8348	0
8349	442
8350	1461
8351	0
8352	0
8353	0
8354	0
8355	0
8356	0
8357	1461
8358	0
8359	1461
8360	435
8361	0
8362	0
8363	1461
8364	0
8365	0
8366	1461
8367	1468
8368	1461
8369	1461
8370	394
8371	1461
8372	1468
8373	1461
8374	394
8375	467
8376	198
8377	0
8378	0
8379	0
8380	0
8381	0
8382	0
8383	0
8384	0
8385	0
8386	0
8387	0
8388	0
8389	17
8390	0
8391	0
8392	0
8393	202
8394	0
8395	0
8396	0
8397	0
8398	0
8399	1468
8400	0
8401	0
8402	0
8403	0
8404	0
8405	0
8406	0
8407	0
8408	0
8409	0
8410	0
8411	0
8412	0
8413	0
8414	0
8415	0
8416	0
8417	0
8418	0
8419	0
8420	0
8421	0
8422	0
8423	0
8424	0
8425	0
8426	0
8427	1468
8428	326
8429	1461
8430	1461
8431	1461
8432	1468
8433	395
8434	394
8435	1461
8436	398
8437	1468
8438	3
8439	4
8440	395
8441	12
8442	392
8443	1468
8444	321
8445	321
8446	1468
8447	1468
8448	1461
8449	1461
8450	0
8451	0
8452	240
8453	0
8454	0
8455	0
8456	0
8457	0
8458	0
8459	0
8460	0
8461	4
8462	0
8463	437
8464	442
8465	1461
8466	1461
8467	467
8468	0
8469	467
8470	0
8471	0
8472	0
8473	0
8474	0
8475	0
8476	398
8477	2
8478	390
8479	0
8480	10
8481	0
8482	1152
8483	398
8484	0
8485	0
8486	0
8487	0
8488	0
8489	0
8490	0
8491	0
8492	0
8493	0
8494	0
8495	451
8496	1461
8497	451
8498	19
8499	26
8500	0
8501	326
8502	395
8503	1461
8504	8
8505	0
8506	0
8507	1468
8508	1468
8509	431
8510	1461
8511	1461
8512	0
8513	0
8514	1461
8515	0
8516	321
8517	6
8518	0
8519	1461
8520	0
8521	0
8522	0
8523	1468
8524	0
8525	0
8526	0
8527	1461
8528	0
8529	0
8530	336
8531	0
8532	0
8533	0
8534	1461
8535	1461
8536	1468
8537	0
8538	1468
8539	0
8540	0
8541	1468
8542	1461
8543	1461
8544	1461
8545	1461
8546	451
8547	0
8548	0
8549	0
8550	1461
8551	431
8552	0
8553	5
8554	0
8555	1461
8556	1461
8557	1461
8558	1461
8559	0
8560	0
8561	0
8562	1461
8563	0
8564	0
8565	0
8566	1461
8567	0
8568	0
8569	0
8570	0
8571	431
8572	9
8573	451
8574	0
8575	0
8576	0
8577	0
8578	1461
8579	0
8580	0
8581	0
8582	0
8583	1461
8584	0
8585	0
8586	0
8587	1461
8588	0
8589	0
8590	0
8591	0
8592	431
8593	0
8594	0
8595	0
8596	0
8597	0
8598	0
8599	0
8600	0
8601	462
8602	0
8603	0
8604	0
8605	0
8606	0
8607	1020
8608	0
8609	0
8610	462
8611	1461
8612	0
8613	0
8614	1461
8615	0
8616	1468
8617	1468
8618	12
8619	0
8620	0
8621	1468
8622	9
8623	0
8624	0
8625	0
8626	0
8627	0
8628	0
8629	0
8630	467
8631	437
8632	1461
8633	0
8634	0
8635	1461
8636	467
8637	0
8638	467
8639	467
8640	0
8641	314
8642	0
8643	0
8644	0
8645	0
8646	0
8647	462
8648	0
8649	0
8650	0
8651	1461
8652	0
8653	0
8654	0
8655	0
8656	0
8657	0
8658	0
8659	0
8660	0
8661	0
8662	0
8663	1468
8664	394
8665	0
8666	1468
8667	0
8668	0
8669	467
8670	0
8671	0
8672	0
8673	0
8674	0
8675	0
8676	467
8677	0
8678	0
8679	0
8680	1461
8681	1468
8682	1461
8683	431
8684	427
8685	0
8686	1461
8687	0
8688	0
8689	1461
8690	1468
8691	390
8692	0
8693	0
8694	0
8695	0
8696	395
8697	158
8698	1468
8699	0
8700	1468
8701	0
8702	0
8703	0
8704	0
8705	0
8706	6
8707	0
8708	0
8709	0
8710	0
8711	1468
8712	1468
8713	0
8714	0
8715	0
8716	1461
8717	0
8718	10
8719	1468
8720	0
8721	0
8722	0
8723	1461
8724	0
8725	0
8726	0
8727	0
8728	1461
8729	0
8730	1468
8731	0
8732	0
8733	398
8734	0
8735	0
8736	1468
8737	0
8738	17
8739	0
8740	1461
8741	0
8742	1461
8743	462
8744	431
8745	1461
8746	0
8747	1468
8748	0
8749	0
8750	0
8751	0
8752	0
8753	0
8754	0
8755	1468
8756	0
8757	1461
8758	0
8759	0
8760	0
8761	1461
8762	435
8763	0
8764	0
8765	0
8766	0
8767	467
8768	0
8769	0
8770	0
8771	0
8772	0
8773	394
8774	0
8775	467
8776	0
8777	5
8778	0
8779	467
8780	467
8781	1468
8782	394
8783	0
8784	0
8785	0
8786	0
8787	1461
8788	1468
8789	435
8790	0
8791	0
8792	0
8793	0
8794	339
8795	1468
8796	0
8797	1461
8798	462
8799	0
8800	0
8801	0
8802	0
8803	0
8804	0
8805	0
8806	0
8807	0
8808	0
8809	0
8810	0
8811	1468
8812	435
8813	0
8814	467
8815	1461
8816	0
8817	467
8818	467
8819	1468
8820	0
8821	0
8822	0
8823	0
8824	467
8825	0
8826	1461
8827	0
8828	0
8829	0
8830	0
8831	1461
8832	467
8833	0
8834	0
8835	0
8836	0
8837	0
8838	0
8839	0
8840	0
8841	0
8842	0
8843	0
8844	6
8845	0
8846	0
8847	0
8848	0
8849	0
8850	0
8851	9
8852	1468
8853	0
8854	0
8855	0
8856	0
8857	0
8858	1468
8859	1468
8860	2
8861	0
8862	0
8863	0
8864	0
8865	0
8866	1461
8867	0
8868	0
8869	0
8870	0
8871	0
8872	431
8873	1461
8874	1461
8875	398
8876	1461
8877	0
8878	1468
8879	0
8880	0
8881	0
8882	431
8883	0
8884	326
8885	1461
8886	6
8887	1461
8888	0
8889	0
8890	0
8891	0
8892	0
8893	0
8894	0
8895	0
8896	0
8897	1461
8898	431
8899	0
8900	6
8901	1461
8902	2
8903	0
8904	0
8905	1461
8906	1461
8907	1461
8908	0
8909	0
8910	0
8911	462
8912	435
8913	1468
8914	0
8915	1461
8916	0
8917	1468
8918	0
8919	55
8920	0
8921	0
8922	0
8923	0
8924	0
8925	0
8926	0
8927	1461
8928	1468
8929	1468
8930	0
8931	0
8932	0
8933	1468
8934	0
8935	0
8936	1468
8937	1468
8938	1468
8939	0
8940	0
8941	0
8942	0
8943	0
8944	0
8945	0
8946	1468
8947	1461
8948	0
8949	0
8950	395
8951	1020
8952	442
8953	390
8954	0
8955	0
8956	1461
8957	0
8958	0
8959	0
8960	0
8961	0
8962	0
8963	0
8964	0
8965	0
8966	0
8967	0
8968	0
8969	0
8970	0
8971	0
8972	0
8973	0
8974	0
8975	0
8976	0
8977	0
8978	1468
8979	431
8980	431
8981	1468
8982	0
8983	0
8984	17
8985	231
8986	149
8987	0
8988	1468
8989	1461
8990	1468
8991	1468
8992	1461
8993	1468
8994	1461
8995	0
8996	0
8997	1468
8998	1461
8999	339
9000	431
9001	0
9002	0
9003	0
9004	0
9005	0
9006	0
9007	0
9008	0
9009	0
9010	0
9011	0
9012	0
9013	1468
9014	0
9015	0
9016	0
9017	0
9018	0
9019	0
9020	0
9021	0
9022	0
9023	17
9024	1468
9025	190
9026	0
9027	6
9028	431
9029	1468
9030	1468
9031	1461
9032	1461
9033	1468
9034	394
9035	1468
9036	1468
9037	1461
9038	1461
9039	1461
9040	1461
9041	1468
9042	1461
9043	1468
9044	1468
9045	1461
9046	1468
9047	1468
9048	1461
9049	1468
9050	1461
9051	431
9052	1468
9053	0
9054	0
9055	0
9056	0
9057	0
9058	431
9059	0
9060	0
9061	0
9062	0
9063	0
9064	0
9065	0
9066	0
9067	0
9068	0
9069	437
9070	1468
9071	1468
9072	1461
9073	1468
9074	0
9075	189
9076	4
9077	0
9078	0
9079	0
9080	0
9081	0
9082	0
9083	0
9084	0
9085	0
9086	359
9087	0
9088	5
9089	0
9090	0
9091	0
9092	1461
9093	1468
9094	0
9095	0
9096	0
9097	0
9098	0
9099	0
9100	0
9101	0
9102	0
9103	0
9104	0
9105	0
9106	0
9107	0
9108	0
9109	0
9110	0
9111	0
9112	0
9113	431
9114	1468
9115	1468
9116	435
9117	394
9118	442
9119	0
9120	0
9121	0
9122	0
9123	442
9124	1461
9125	1468
9126	394
9127	326
9128	1468
9129	1468
9130	9
9131	437
9132	0
9133	0
9134	1461
9135	1468
9136	22
9137	0
9138	0
9139	0
9140	0
9141	1461
9142	1468
9143	0
9144	1468
9145	0
9146	0
9147	0
9148	0
9149	0
9150	0
9151	0
9152	0
9153	0
9154	0
9155	1468
9156	1461
9157	431
9158	435
9159	1461
9160	1468
9161	0
9162	398
9163	1461
9164	1468
9165	1468
9166	0
9167	0
9168	435
9169	1461
9170	1468
9171	1468
9172	0
9173	7
9174	0
9175	0
9176	0
9177	0
9178	0
9179	0
9180	0
9181	1461
9182	0
9183	437
9184	1468
9185	0
9186	0
9187	0
9188	1468
9189	339
9190	431
9191	431
9192	0
9193	0
9194	0
9195	0
9196	0
9197	0
9198	0
9199	0
9200	0
9201	1461
9202	1468
9203	0
9204	0
9205	0
9206	0
9207	24
9208	1461
9209	1461
9210	1468
9211	0
9212	1468
9213	199
9214	0
9215	0
9216	0
9217	431
9218	339
9219	8
9220	0
9221	0
9222	0
9223	0
9224	0
9225	0
9226	0
9227	0
9228	0
9229	0
9230	0
9231	0
9232	0
9233	0
9234	1468
9235	394
9236	1468
9237	1468
9238	1468
9239	0
9240	437
9241	1468
9242	1461
9243	0
9244	1468
9245	8
9246	0
9247	0
9248	0
9249	0
9250	0
9251	0
9252	0
9253	0
9254	1468
9255	398
9256	0
9257	0
9258	0
9259	0
9260	1134
9261	0
9262	62
9263	0
9264	0
9265	0
9266	0
9267	0
9268	0
9269	0
9270	0
9271	0
9272	0
9273	0
9274	0
9275	390
9276	0
9277	0
9278	0
9279	0
9280	435
9281	1468
9282	0
9283	0
9284	0
9285	0
9286	0
9287	467
9288	0
9289	0
9290	0
9291	0
9292	0
9293	326
9294	0
9295	0
9296	0
9297	1461
9298	0
9299	0
9300	462
9301	0
9302	0
9303	1468
9304	0
9305	1461
9306	431
9307	431
9308	1468
9309	431
9310	1461
9311	347
9312	0
9313	0
9314	0
9315	0
9316	431
9317	199
9318	0
9319	0
9320	1468
9321	1468
9322	431
9323	1461
9324	0
9325	0
9326	1468
9327	0
9328	0
9329	0
9330	1468
9331	206
9332	462
9333	1461
9334	0
9335	0
9336	0
9337	0
9338	0
9339	0
9340	0
9341	1468
9342	0
9343	0
9344	0
9345	1461
9346	1461
9347	0
9348	0
9349	0
9350	0
9351	0
9352	1468
9353	431
9354	0
9355	0
9356	0
9357	0
9358	1461
9359	0
9360	0
9361	0
9362	0
9363	0
9364	0
9365	1461
9366	8
9367	0
9368	1461
9369	462
9370	0
9371	0
9372	0
9373	7
9374	0
9375	1461
9376	0
9377	0
9378	1461
9379	0
9380	1468
9381	1461
9382	0
9383	1461
9384	0
9385	0
9386	1461
9387	1461
9388	0
9389	1468
9390	394
9391	394
9392	0
9393	451
9394	451
9395	1468
9396	0
9397	0
9398	0
9399	0
9400	0
9401	14
9402	1468
9403	394
9404	0
9405	0
9406	0
9407	1468
9408	1468
9409	1468
9410	1468
9411	6
9412	0
9413	0
9414	1461
9415	1468
9416	1468
9417	1468
9418	0
9419	467
9420	1468
9421	1468
9422	1468
9423	7
9424	1468
9425	0
9426	0
9427	1468
9428	390
9429	1468
9430	1004
9431	0
9432	0
9433	0
9434	0
9435	1468
9436	1468
9437	0
9438	0
9439	0
9440	0
9441	0
9442	1468
9443	202
9444	1468
9445	0
9446	0
9447	0
9448	0
9449	0
9450	0
9451	0
9452	0
9453	0
9454	0
9455	1461
9456	326
9457	198
9458	197
9459	1461
9460	1468
9461	0
9462	0
9463	0
9464	0
9465	1468
9466	1468
9467	0
9468	321
9469	1461
9470	0
9471	1468
9472	1461
9473	1468
9474	0
9475	0
9476	1468
9477	0
9478	0
9479	0
9480	0
9481	0
9482	431
9483	507
9484	442
9485	442
9486	1461
9487	0
9488	1468
9489	0
9490	0
9491	0
9492	0
9493	1468
9494	0
9495	1461
9496	0
9497	0
9498	0
9499	0
9500	0
9501	1468
9502	0
9503	0
9504	1468
9505	467
9506	1468
9507	1468
9508	462
9509	0
9510	462
9511	1468
9512	431
9513	0
9514	0
9515	0
9516	0
9517	0
9518	1468
9519	1468
9520	1468
9521	1468
9522	0
9523	0
9524	37
9525	8
9526	0
9527	1468
9528	1461
9529	0
9530	1468
9531	1468
9532	0
9533	0
9534	0
9535	0
9536	0
9537	0
9538	0
9539	0
9540	0
9541	1461
9542	0
9543	0
9544	395
9545	1468
9546	1468
9547	1468
9548	148
9549	0
9550	0
9551	0
9552	1468
9553	1468
9554	0
9555	0
9556	0
9557	1468
9558	0
9559	0
9560	0
9561	0
9562	1461
9563	0
9564	0
9565	1468
9566	0
9567	0
9568	0
9569	0
9570	0
9571	1468
9572	1468
9573	0
9574	0
9575	1468
9576	0
9577	1461
9578	0
9579	0
9580	0
9581	0
9582	0
9583	0
9584	0
9585	0
9586	0
9587	0
9588	0
9589	0
9590	0
9591	0
9592	0
9593	0
9594	0
9595	0
9596	0
9597	0
9598	0
9599	0
9600	0
9601	0
9602	339
9603	1461
9604	1468
9605	1461
9606	0
9607	0
9608	11
9609	1461
9610	1468
9611	1461
9612	1461
9613	435
9614	1461
9615	1468
9616	1468
9617	1468
9618	1468
9619	1468
9620	1468
9621	0
9622	0
9623	0
9624	0
9625	0
9626	0
9627	0
9628	0
9629	0
9630	0
9631	0
9632	0
9633	1290
9634	0
9635	0
9636	1468
9637	467
9638	437
9639	437
9640	437
9641	0
9642	0
9643	0
9644	0
9645	0
9646	0
9647	0
9648	0
9649	0
9650	0
9651	0
9652	0
9653	0
9654	0
9655	0
9656	0
9657	6
9658	0
9659	398
9660	0
9661	0
9662	202
9663	462
9664	202
9665	462
9666	394
9667	1461
9668	451
9669	437
9670	1468
9671	431
9672	1468
9673	1461
9674	1468
9675	431
9676	1468
9677	1461
9678	0
9679	467
9680	1461
9681	1353
9682	3
9683	1300
9684	16
9685	467
9686	65
9687	114
9688	3
9689	21
9690	5
9691	958
9692	98
9693	312
9694	435
9695	8
9696	4
9697	4
9698	8
9699	4
9700	133
9701	5
9702	4
9703	6
9704	5
9705	14
9706	380
9707	155
