0	0
1	0
2	0
3	0
4	0
5	0
6	0
7	0
8	0
9	0
10	0
11	0
12	0
13	0
14	0
15	0
16	0
17	0
18	0
19	0
20	0
21	0
22	0
23	0
24	0
25	0
26	400
27	400
28	400
29	400
30	400
31	400
32	400
33	400
34	400
35	400
36	400
37	400
38	341
39	0
40	0
41	400
42	0
43	0
44	400
45	0
46	0
47	0
48	0
49	0
50	0
51	400
52	400
53	400
54	400
55	341
56	400
57	400
58	400
59	341
60	400
61	400
62	400
63	400
64	400
65	400
66	400
67	400
68	400
69	400
70	400
71	341
72	341
73	400
74	400
75	341
76	0
77	0
78	0
79	0
80	0
81	0
82	0
83	0
84	0
85	0
86	0
87	0
88	0
89	0
90	0
91	0
92	0
93	0
94	0
95	0
96	0
97	0
98	0
99	0
100	0
101	0
102	0
103	0
104	0
105	400
106	400
107	400
108	400
109	400
110	400
111	400
112	400
113	400
114	400
115	400
116	400
117	400
118	400
119	400
120	400
121	400
122	0
123	0
124	0
125	0
126	400
127	0
128	0
129	0
130	0
131	0
132	0
133	0
134	0
135	0
136	0
137	400
138	0
139	0
140	0
141	0
142	0
143	0
144	400
145	400
146	400
147	341
148	400
149	400
150	341
151	400
152	400
153	400
154	400
155	400
156	0
157	0
158	0
159	0
160	0
161	0
162	0
163	0
164	0
165	0
166	0
167	0
168	0
169	0
170	0
171	0
172	0
173	0
174	0
175	0
176	0
177	0
178	0
179	0
180	0
181	0
182	0
183	0
184	0
185	0
186	0
187	0
188	0
189	0
190	0
191	0
192	0
193	0
194	0
195	0
196	0
197	0
198	0
199	0
200	0
201	0
202	0
203	0
204	0
205	0
206	0
207	0
208	341
209	400
210	400
211	400
212	400
213	400
214	400
215	400
216	400
217	400
218	400
219	400
220	400
221	400
222	400
223	400
224	400
225	341
226	400
227	341
228	400
229	400
230	0
231	341
232	0
233	0
234	0
235	0
236	0
237	0
238	0
239	0
240	0
241	0
242	0
243	400
244	0
245	0
246	0
247	0
248	0
249	0
250	0
251	0
252	0
253	400
254	0
255	0
256	0
257	0
258	0
259	0
260	0
261	0
262	400
263	341
264	400
265	400
266	400
267	400
268	400
269	400
270	400
271	400
272	400
273	400
274	400
275	0
276	0
277	0
278	0
279	0
280	0
281	0
282	0
283	0
284	0
285	0
286	0
287	0
288	0
289	0
290	0
291	341
292	0
293	0
294	0
295	0
296	0
297	0
298	400
299	400
300	400
301	400
302	341
303	400
304	341
305	400
306	400
307	400
308	400
309	400
310	400
311	400
312	400
313	400
314	400
315	400
316	400
317	400
318	400
319	400
320	0
321	0
322	400
323	0
324	0
325	0
326	0
327	0
328	0
329	0
330	0
331	0
332	0
333	0
334	0
335	400
336	400
337	400
338	400
339	400
340	400
341	400
342	400
343	400
344	400
345	400
346	400
347	400
348	400
349	400
350	400
351	0
352	0
353	0
354	0
355	0
356	0
357	0
358	0
359	0
360	0
361	0
362	0
363	0
364	0
365	0
366	0
367	0
368	0
369	0
370	0
371	0
372	0
373	0
374	0
375	400
376	400
377	400
378	400
379	341
380	400
381	400
382	400
383	341
384	341
385	400
386	400
387	400
388	400
389	400
390	400
391	341
392	400
393	400
394	400
395	0
396	0
397	341
398	0
399	0
400	0
401	0
402	0
403	0
404	0
405	0
406	0
407	0
408	0
409	0
410	0
411	0
412	0
413	0
414	0
415	0
416	0
417	400
418	400
419	400
420	400
421	400
422	341
423	400
424	400
425	400
426	400
427	400
428	400
429	0
430	0
431	0
432	0
433	0
434	0
435	0
436	0
437	0
438	0
439	0
440	0
441	0
442	0
443	0
444	0
445	0
446	0
447	0
448	0
449	0
450	0
451	0
452	0
453	0
454	0
455	0
456	0
457	0
458	0
459	0
460	0
461	0
462	0
463	0
464	0
465	0
466	0
467	0
468	0
469	0
470	0
471	0
472	0
473	400
474	400
475	400
476	400
477	400
478	400
479	400
480	400
481	341
482	400
483	400
484	400
485	400
486	400
487	400
488	341
489	400
490	400
491	0
492	0
493	0
494	0
495	0
496	0
497	0
498	0
499	0
500	0
501	400
502	341
503	400
504	400
505	400
506	0
507	0
508	0
509	0
510	0
511	0
512	0
513	0
514	0
515	0
516	0
517	0
518	0
519	0
520	0
521	0
522	0
523	0
524	0
525	0
526	0
527	0
528	0
529	0
530	0
531	0
532	0
533	0
534	0
535	0
536	400
537	400
538	400
539	400
540	400
541	400
542	400
543	400
544	400
545	400
546	400
547	400
548	400
549	400
550	400
551	0
552	0
553	0
554	341
555	400
556	400
557	400
558	0
559	0
560	400
561	0
562	0
563	341
564	400
565	0
566	0
567	0
568	0
569	0
570	0
571	0
572	341
573	400
574	400
575	400
576	400
577	400
578	400
579	400
580	341
581	400
582	400
583	400
584	0
585	0
586	0
587	0
588	0
589	0
590	0
591	0
592	0
593	0
594	0
595	0
596	0
597	0
598	0
599	0
600	0
601	0
602	0
603	400
604	400
605	400
606	400
607	400
608	400
609	400
610	400
611	400
612	400
613	400
614	400
615	400
616	400
617	400
618	400
619	400
620	400
621	400
622	400
623	400
624	400
625	0
626	0
627	0
628	0
629	0
630	0
631	400
632	400
633	0
634	400
635	0
636	0
637	0
638	0
639	0
640	0
641	400
642	0
643	0
644	0
645	201
646	201
647	341
648	400
649	400
650	400
651	400
652	400
653	400
654	400
655	400
656	400
657	400
658	341
659	400
660	341
661	400
662	400
663	400
664	0
665	0
666	0
667	0
668	0
669	0
670	0
671	0
672	0
673	0
674	0
675	0
676	0
677	0
678	0
679	0
680	0
681	400
682	400
683	400
684	0
685	400
686	400
687	400
688	400
689	400
690	400
691	0
692	0
693	400
694	400
695	400
696	400
697	341
698	341
699	0
700	0
701	0
702	341
703	0
704	400
705	0
706	400
707	400
708	0
709	0
710	0
711	0
712	0
713	0
714	400
715	400
716	400
717	400
718	400
719	400
720	400
721	400
722	341
723	400
724	400
725	400
726	400
727	0
728	0
729	0
730	0
731	0
732	0
733	0
734	0
735	0
736	0
737	0
738	0
739	0
740	0
741	0
742	0
743	0
744	0
745	0
746	0
747	0
748	400
749	400
750	400
751	400
752	400
753	400
754	400
755	400
756	341
757	400
758	400
759	400
760	400
761	400
762	400
763	400
764	400
765	400
766	400
767	400
768	400
769	400
770	400
771	400
772	400
773	0
774	400
775	0
776	400
777	0
778	0
779	0
780	0
781	0
782	0
783	0
784	0
785	0
786	0
787	0
788	0
789	0
790	0
791	0
792	0
793	0
794	0
795	400
796	400
797	201
798	341
799	400
800	400
801	400
802	400
803	400
804	400
805	400
806	400
807	400
808	400
809	400
810	400
811	400
812	400
813	0
814	0
815	0
816	0
817	0
818	0
819	0
820	0
821	0
822	0
823	0
824	0
825	0
826	0
827	0
828	0
829	0
830	0
831	0
832	0
833	0
834	400
835	400
836	400
837	400
838	400
839	400
840	400
841	400
842	400
843	400
844	400
845	400
846	400
847	400
848	400
849	400
850	400
851	400
852	0
853	0
854	0
855	0
856	400
857	0
858	400
859	0
860	0
861	400
862	0
863	0
864	0
865	0
866	0
867	0
868	0
869	0
870	0
871	0
872	0
873	0
874	0
875	0
876	0
877	0
878	0
879	0
880	0
881	0
882	400
883	0
884	0
885	0
886	0
887	0
888	0
889	0
890	0
891	0
892	0
893	0
894	0
895	0
896	400
897	400
898	400
899	400
900	341
901	341
902	400
903	341
904	400
905	400
906	400
907	400
908	400
909	400
910	400
911	400
912	400
913	341
914	0
915	0
916	0
917	0
918	0
919	0
920	0
921	0
922	0
923	0
924	0
925	0
926	0
927	0
928	0
929	0
930	0
931	0
932	0
933	400
934	341
935	400
936	400
937	400
938	341
939	400
940	341
941	341
942	400
943	400
944	400
945	400
946	400
947	400
948	400
949	400
950	400
951	400
952	400
953	400
954	400
955	400
956	400
957	400
958	0
959	0
960	400
961	0
962	0
963	0
964	0
965	0
966	0
967	0
968	0
969	400
970	0
971	400
972	0
973	0
974	341
975	0
976	0
977	0
978	0
979	0
980	0
981	0
982	0
983	0
984	0
985	400
986	400
987	341
988	400
989	400
990	400
991	400
992	400
993	400
994	400
995	400
996	400
997	400
998	400
999	400
1000	400
1001	400
1002	341
1003	400
1004	400
1005	400
1006	400
1007	400
1008	341
1009	0
1010	0
1011	0
1012	0
1013	0
1014	0
1015	0
1016	0
1017	0
1018	0
1019	0
1020	0
1021	0
1022	0
1023	0
1024	0
1025	0
1026	0
1027	0
1028	0
1029	0
1030	0
1031	0
1032	0
1033	400
1034	400
1035	400
1036	400
1037	400
1038	400
1039	400
1040	400
1041	400
1042	400
1043	400
1044	400
1045	400
1046	400
1047	400
1048	400
1049	0
1050	400
1051	0
1052	0
1053	0
1054	0
1055	0
1056	0
1057	0
1058	0
1059	0
1060	0
1061	0
1062	0
1063	0
1064	0
1065	400
1066	400
1067	400
1068	400
1069	0
1070	400
1071	400
1072	0
1073	0
1074	0
1075	0
1076	0
1077	400
1078	400
1079	400
1080	400
1081	400
1082	400
1083	400
1084	400
1085	400
1086	400
1087	400
1088	400
1089	400
1090	400
1091	400
1092	400
1093	400
1094	400
1095	400
1096	0
1097	0
1098	0
1099	0
1100	0
1101	0
1102	0
1103	0
1104	0
1105	0
1106	0
1107	0
1108	0
1109	0
1110	0
1111	0
1112	0
1113	0
1114	0
1115	0
1116	0
1117	0
1118	0
1119	0
1120	0
1121	0
1122	0
1123	0
1124	0
1125	0
1126	400
1127	400
1128	400
1129	400
1130	400
1131	400
1132	0
1133	400
1134	400
1135	400
1136	400
1137	400
1138	400
1139	400
1140	400
1141	400
1142	0
1143	0
1144	0
1145	0
1146	0
1147	0
1148	0
1149	0
1150	400
1151	400
1152	400
1153	400
1154	0
1155	400
1156	400
1157	0
1158	0
1159	0
1160	0
1161	0
1162	400
1163	400
1164	400
1165	400
1166	400
1167	400
1168	400
1169	400
1170	341
1171	400
1172	400
1173	400
1174	400
1175	0
1176	0
1177	0
1178	0
1179	0
1180	0
1181	0
1182	0
1183	0
1184	0
1185	0
1186	0
1187	0
1188	0
1189	0
1190	0
1191	0
1192	0
1193	0
1194	0
1195	0
1196	0
1197	0
1198	0
1199	0
1200	0
1201	0
1202	0
1203	0
1204	0
1205	0
1206	0
1207	0
1208	0
1209	0
1210	0
1211	0
1212	0
1213	0
1214	0
1215	0
1216	0
1217	0
1218	0
1219	0
1220	0
1221	0
1222	0
1223	400
1224	400
1225	400
1226	400
1227	341
1228	400
1229	400
1230	400
1231	341
1232	400
1233	400
1234	400
1235	400
1236	400
1237	400
1238	400
1239	400
1240	400
1241	400
1242	400
1243	341
1244	400
1245	400
1246	400
1247	400
1248	400
1249	400
1250	0
1251	0
1252	0
1253	0
1254	0
1255	0
1256	0
1257	0
1258	0
1259	0
1260	0
1261	0
1262	0
1263	400
1264	400
1265	0
1266	0
1267	0
1268	400
1269	400
1270	400
1271	400
1272	400
1273	400
1274	400
1275	400
1276	400
1277	400
1278	400
1279	400
1280	400
1281	400
1282	400
1283	400
1284	400
1285	400
1286	0
1287	0
1288	0
1289	0
1290	0
1291	0
1292	0
1293	0
1294	0
1295	0
1296	0
1297	0
1298	0
1299	0
1300	0
1301	0
1302	0
1303	0
1304	0
1305	0
1306	0
1307	0
1308	0
1309	0
1310	0
1311	0
1312	0
1313	0
1314	0
1315	0
1316	0
1317	0
1318	0
1319	0
1320	0
1321	0
1322	0
1323	0
1324	0
1325	341
1326	400
1327	400
1328	400
1329	400
1330	400
1331	400
1332	400
1333	0
1334	400
1335	400
1336	0
1337	0
1338	0
1339	0
1340	0
1341	400
1342	0
1343	400
1344	400
1345	0
1346	400
1347	400
1348	400
1349	400
1350	400
1351	400
1352	400
1353	400
1354	400
1355	400
1356	400
1357	400
1358	341
1359	341
1360	400
