0	0
1	0
2	0
3	0
4	0
5	0
6	0
7	0
8	0
9	0
10	0
11	0
12	0
13	0
14	0
15	0
16	4
17	6
18	8
19	0
20	0
21	0
22	43
23	0
24	0
25	0
26	979
27	394
28	0
29	0
30	0
31	0
32	0
33	0
34	0
35	0
36	0
37	979
38	984
39	979
40	979
41	979
42	0
43	0
44	2
45	0
46	984
47	0
48	979
49	0
50	13
51	0
52	0
53	0
54	0
55	0
56	984
57	0
58	0
59	0
60	0
61	0
62	0
63	984
64	984
65	5
66	2
67	0
68	0
69	984
70	979
71	2
72	0
73	0
74	0
75	984
76	984
77	984
78	0
79	5
80	0
81	979
82	767
83	540
84	0
85	0
86	0
87	0
88	984
89	979
90	984
91	394
92	2
93	0
94	0
95	0
96	0
97	0
98	984
99	0
100	984
101	984
102	979
103	3
104	0
105	984
106	984
107	277
108	984
109	0
110	197
111	0
112	394
113	0
114	979
115	0
116	0
117	0
118	0
119	984
120	984
121	984
122	984
123	0
124	0
125	0
126	0
127	0
128	0
129	0
130	0
131	984
132	5
133	0
134	0
135	0
136	6
137	0
138	0
139	2
140	0
141	0
142	0
143	0
144	0
145	984
146	0
147	0
148	0
149	0
150	0
151	0
152	0
153	0
154	0
155	0
156	0
157	0
158	0
159	13
160	0
161	394
162	0
163	0
164	0
165	0
166	0
167	0
168	0
169	0
170	0
171	0
172	0
173	0
174	0
175	0
176	984
177	0
178	0
179	984
180	0
181	979
182	0
183	0
184	0
185	0
186	0
187	0
188	0
189	0
190	0
191	0
192	0
193	984
194	984
195	984
196	979
197	3
198	277
199	984
200	979
201	0
202	979
203	0
204	0
205	0
206	984
207	0
208	0
209	984
210	0
211	0
212	0
213	979
214	984
215	979
216	984
217	0
218	0
219	984
220	979
221	979
222	0
223	984
224	540
225	0
226	0
227	0
228	0
229	6
230	0
231	0
232	0
233	0
234	0
235	0
236	0
237	984
238	984
239	0
240	13
241	272
242	0
243	0
244	10
245	0
246	0
247	540
248	396
249	979
250	540
251	0
252	0
253	194
254	540
255	0
256	0
257	984
258	984
259	984
260	984
261	979
262	0
263	0
264	984
265	396
266	984
267	0
268	11
269	0
270	0
271	0
272	0
273	979
274	979
275	984
276	984
277	540
278	197
279	0
280	0
281	984
282	984
283	6
284	984
285	0
286	984
287	984
288	0
289	0
290	0
291	0
292	0
293	0
294	984
295	8
296	0
297	13
298	0
299	0
300	984
301	984
302	984
303	0
304	984
305	984
306	984
307	984
308	396
309	984
310	0
311	0
312	0
313	0
314	13
315	57
316	0
317	0
318	0
319	0
320	5
321	0
322	0
323	0
324	979
325	0
326	9
327	0
328	0
329	0
330	984
331	540
332	0
333	0
334	0
335	979
336	984
337	984
338	979
339	3
340	0
341	0
342	0
343	0
344	0
345	984
346	18
347	10
348	984
349	775
350	540
351	0
352	0
353	0
354	0
355	0
356	0
357	197
358	984
359	984
360	12
361	0
362	0
363	984
364	0
365	0
366	197
367	984
368	0
369	984
370	984
371	984
372	0
373	0
374	0
375	984
376	13
377	0
378	0
379	0
380	984
381	979
382	0
383	0
384	0
385	540
386	0
387	979
388	979
389	984
390	979
391	979
392	197
393	984
394	984
395	984
396	540
397	979
398	0
399	0
400	979
401	979
402	984
403	0
404	0
405	0
406	0
407	0
408	979
409	984
410	984
411	984
412	0
413	984
414	979
415	194
416	0
417	0
418	0
419	0
420	0
421	0
422	0
423	0
424	984
425	396
426	0
427	0
428	0
429	0
430	0
431	979
432	0
433	0
434	10
435	13
436	5
437	0
438	0
439	984
440	984
441	0
442	0
443	0
444	0
445	58
446	0
447	0
448	979
449	0
450	0
451	0
452	0
453	0
454	0
455	0
456	0
457	0
458	0
459	0
460	0
461	0
462	984
463	0
464	979
465	979
466	0
467	43
468	0
469	0
470	0
471	0
472	0
473	936
474	9
475	0
476	0
477	984
478	984
479	0
480	0
481	0
482	0
483	0
484	0
485	984
486	979
487	540
488	394
489	0
490	979
491	979
492	979
493	979
494	979
495	979
496	984
497	10
498	0
499	984
500	979
501	0
502	0
503	0
504	0
505	0
506	0
507	984
508	0
509	396
510	984
511	396
512	984
513	0
514	3
515	0
516	0
517	0
518	0
519	0
520	0
521	0
522	0
523	0
524	0
525	984
526	0
527	979
528	0
529	0
530	540
531	394
532	0
533	0
534	984
535	540
536	540
537	540
538	396
539	0
540	984
541	43
542	0
543	0
544	984
545	984
546	984
547	394
548	0
549	0
550	0
551	979
552	540
553	540
554	984
555	0
556	984
557	0
558	0
559	0
560	0
561	5
562	0
563	0
564	979
565	0
566	984
567	7
568	194
569	0
570	979
571	984
572	984
573	540
574	540
575	984
576	0
577	0
578	984
579	984
580	0
581	984
582	0
583	0
584	984
585	984
586	979
587	0
588	0
589	0
590	0
591	10
592	0
593	5
594	984
595	984
596	984
597	984
598	984
599	979
600	979
601	984
602	277
603	0
604	0
605	0
606	0
607	0
608	0
609	0
610	0
611	0
612	0
613	0
614	0
615	0
616	4
617	0
618	0
619	0
620	0
621	2
622	0
623	984
624	0
625	0
626	3
627	0
628	0
629	0
630	0
631	0
632	0
633	984
634	0
635	0
636	0
637	984
638	0
639	0
640	0
641	0
642	0
643	0
644	0
645	0
646	979
647	0
648	0
649	0
650	984
651	979
652	979
653	984
654	984
655	0
656	0
657	0
658	0
659	0
660	0
661	0
662	0
663	0
664	6
665	0
666	0
667	394
668	5
669	47
670	0
671	984
672	984
673	984
674	984
675	0
676	0
677	0
678	0
679	0
680	0
681	0
682	6
683	0
684	0
685	540
686	984
687	984
688	979
689	979
690	984
691	0
692	0
693	0
694	0
695	0
696	0
697	0
698	0
699	984
700	979
701	0
702	0
703	984
704	0
705	5
706	0
707	0
708	0
709	984
710	979
711	0
712	0
713	0
714	0
715	0
716	0
717	0
718	0
719	0
720	6
721	0
722	0
723	0
724	0
725	0
726	0
727	0
728	0
729	5
730	0
731	984
732	0
733	0
734	0
735	0
736	0
737	0
738	0
739	0
740	0
741	0
742	0
743	984
744	984
745	984
746	0
747	0
748	0
749	277
750	0
751	984
752	979
753	540
754	0
755	984
756	984
757	984
758	0
759	0
760	0
761	0
762	0
763	0
764	0
765	0
766	0
767	0
768	0
769	984
770	979
771	984
772	984
773	0
774	0
775	0
776	0
777	0
778	0
779	0
780	0
781	0
782	0
783	0
784	0
785	984
786	979
787	3
788	3
789	0
790	979
791	2
792	197
793	3
794	0
795	194
796	277
797	984
798	984
799	984
800	197
801	984
802	0
803	0
804	0
805	984
806	6
807	0
808	0
809	0
810	277
811	984
812	984
813	0
814	984
815	6
816	0
817	277
818	12
819	984
820	984
821	979
822	0
823	0
824	0
825	0
826	0
827	984
828	984
829	0
830	979
831	984
832	984
833	979
834	0
835	0
836	0
837	0
838	984
839	0
840	984
841	0
842	0
843	0
844	0
845	0
846	0
847	0
848	984
849	979
850	0
851	0
852	0
853	0
854	0
855	984
856	6
857	0
858	0
859	984
860	984
861	0
862	12
863	0
864	0
865	0
866	0
867	197
868	984
869	773
870	0
871	0
872	0
873	0
874	0
875	0
876	0
877	984
878	0
879	984
880	984
881	979
882	0
883	0
884	0
885	0
886	984
887	984
888	394
889	0
890	0
891	984
892	979
893	394
894	979
895	8
896	984
897	984
898	0
899	0
900	0
901	984
902	984
903	984
904	540
905	540
906	979
907	0
908	0
909	0
910	0
911	984
912	0
913	0
914	0
915	984
916	0
917	0
918	984
919	984
920	11
921	0
922	0
923	0
924	0
925	984
926	979
927	0
928	0
929	0
930	0
931	0
932	0
933	106
934	984
935	124
936	979
937	984
938	0
939	984
940	979
941	4
942	984
943	0
944	0
945	979
946	0
947	979
948	984
949	984
950	984
951	979
952	984
953	979
954	984
955	984
956	979
957	0
958	0
959	0
960	0
961	0
962	0
963	0
964	0
965	0
966	0
967	0
968	0
969	194
970	0
971	0
972	0
973	0
974	0
975	0
976	984
977	979
978	396
979	0
980	0
981	0
982	0
983	0
984	0
985	540
986	0
987	0
988	979
989	0
990	194
991	984
992	9
993	0
994	0
995	195
996	0
997	984
998	984
999	984
1000	984
1001	979
1002	0
1003	0
1004	0
1005	194
1006	0
1007	984
1008	984
1009	540
1010	0
1011	0
1012	0
1013	0
1014	0
1015	0
1016	0
1017	0
1018	540
1019	217
1020	979
1021	979
1022	446
1023	0
1024	0
1025	834
1026	0
1027	0
1028	0
1029	984
1030	0
1031	0
1032	0
1033	0
1034	0
1035	0
1036	0
1037	0
1038	0
1039	0
1040	0
1041	0
1042	0
1043	0
1044	0
1045	0
1046	0
1047	0
1048	0
1049	0
1050	0
1051	2
1052	0
1053	979
1054	984
1055	0
1056	0
1057	0
1058	0
1059	0
1060	0
1061	0
1062	0
1063	984
1064	0
1065	0
1066	0
1067	0
1068	979
1069	984
1070	984
1071	979
1072	0
1073	0
1074	277
1075	540
1076	540
1077	540
1078	0
1079	984
1080	540
1081	984
1082	984
1083	984
1084	0
1085	0
1086	10
1087	0
1088	0
1089	0
1090	277
1091	0
1092	0
1093	984
1094	0
1095	0
1096	984
1097	5
1098	0
1099	207
1100	0
1101	0
1102	0
1103	0
1104	979
1105	984
1106	0
1107	0
1108	0
1109	0
1110	984
1111	984
1112	984
1113	0
1114	0
1115	0
1116	0
1117	984
1118	0
1119	0
1120	9
1121	0
1122	0
1123	979
1124	0
1125	82
1126	0
1127	0
1128	0
1129	0
1130	4
1131	13
1132	0
1133	984
1134	984
1135	984
1136	0
1137	0
1138	0
1139	0
1140	0
1141	0
1142	0
1143	0
1144	0
1145	0
1146	0
1147	0
1148	540
1149	0
1150	984
1151	984
1152	9
1153	0
1154	0
1155	0
1156	0
1157	277
1158	10
1159	979
1160	8
1161	0
1162	0
1163	0
1164	0
1165	0
1166	0
1167	0
1168	0
1169	0
1170	979
1171	984
1172	0
1173	394
1174	0
1175	0
1176	0
1177	0
1178	484
1179	0
1180	0
1181	0
1182	0
1183	0
1184	0
1185	0
1186	984
1187	979
1188	0
1189	984
1190	0
1191	0
1192	0
1193	0
1194	0
1195	0
1196	0
1197	0
1198	0
1199	0
1200	984
1201	984
1202	0
1203	0
1204	0
1205	0
1206	979
1207	396
1208	2
1209	979
1210	0
1211	984
1212	0
1213	0
1214	0
1215	984
1216	4
1217	0
1218	984
1219	540
1220	984
1221	540
1222	984
1223	540
1224	984
1225	979
1226	979
1227	0
1228	979
1229	2
1230	0
1231	13
1232	0
1233	197
1234	984
1235	979
1236	0
1237	0
1238	0
1239	0
1240	0
1241	540
1242	984
1243	0
1244	0
1245	0
1246	0
1247	0
1248	0
1249	984
1250	984
1251	984
1252	0
1253	979
1254	277
1255	979
1256	984
1257	984
1258	984
1259	984
1260	984
1261	984
1262	984
1263	979
1264	540
1265	984
1266	984
1267	979
1268	979
1269	984
1270	0
1271	0
1272	0
1273	0
1274	0
1275	0
1276	0
1277	0
1278	0
1279	4
1280	0
1281	979
1282	0
1283	0
1284	0
1285	378
1286	0
1287	0
1288	0
1289	0
1290	0
1291	0
1292	396
1293	4
1294	9
1295	4
1296	0
1297	0
1298	0
1299	0
1300	0
1301	0
1302	979
1303	0
1304	0
1305	194
1306	13
1307	394
1308	7
1309	984
1310	984
1311	0
1312	0
1313	0
1314	0
1315	0
1316	0
1317	0
1318	0
1319	0
1320	0
1321	0
1322	0
1323	0
1324	0
1325	0
1326	194
1327	0
1328	0
1329	0
1330	984
1331	5
1332	984
1333	0
1334	0
1335	0
1336	0
1337	0
1338	0
1339	0
1340	0
1341	0
1342	0
1343	192
1344	7
1345	0
1346	979
1347	979
1348	0
1349	0
1350	0
1351	979
1352	984
1353	984
1354	0
1355	979
1356	979
1357	0
1358	0
1359	0
1360	0
1361	0
1362	979
1363	984
1364	0
1365	984
1366	13
1367	979
1368	979
1369	984
1370	984
1371	0
1372	0
1373	0
1374	277
1375	979
1376	0
1377	0
1378	984
1379	11
1380	984
1381	984
1382	979
1383	0
1384	0
1385	0
1386	984
1387	197
1388	0
1389	0
1390	979
1391	0
1392	0
1393	0
1394	984
1395	540
1396	540
1397	11
1398	0
1399	0
1400	6
1401	8
1402	0
1403	984
1404	984
1405	979
1406	0
1407	0
1408	0
1409	0
1410	0
1411	0
1412	984
1413	984
1414	0
1415	540
1416	984
1417	6
1418	0
1419	0
1420	979
1421	0
1422	0
1423	0
1424	0
1425	0
1426	0
1427	0
1428	984
1429	0
1430	0
1431	984
1432	984
1433	984
1434	984
1435	0
1436	0
1437	0
1438	979
1439	979
1440	12
1441	0
1442	0
1443	0
1444	0
1445	0
1446	6
1447	0
1448	984
1449	0
1450	0
1451	0
1452	0
1453	0
1454	0
1455	0
1456	0
1457	0
1458	0
1459	979
1460	540
1461	0
1462	984
1463	5
1464	0
1465	0
1466	984
1467	979
1468	984
1469	984
1470	984
1471	540
1472	540
1473	984
1474	0
1475	979
1476	6
1477	361
1478	984
1479	984
1480	540
1481	0
1482	3
1483	0
1484	5
1485	401
1486	979
1487	0
1488	0
1489	272
1490	0
1491	916
1492	979
1493	0
1494	984
1495	0
1496	984
1497	0
1498	6
1499	0
1500	0
1501	0
1502	0
1503	0
1504	0
1505	0
1506	0
1507	984
1508	984
1509	984
1510	0
1511	0
1512	0
1513	0
1514	0
1515	0
1516	12
1517	13
1518	0
1519	197
1520	984
1521	6
1522	984
1523	0
1524	0
1525	11
1526	0
1527	979
1528	0
1529	197
1530	0
1531	0
1532	979
1533	0
1534	984
1535	397
1536	0
1537	0
1538	0
1539	0
1540	0
1541	0
1542	984
1543	984
1544	0
1545	0
1546	0
1547	979
1548	24
1549	0
1550	0
1551	0
1552	0
1553	0
1554	0
1555	0
1556	0
1557	0
1558	0
1559	0
1560	0
1561	0
1562	396
1563	979
1564	979
1565	197
1566	984
1567	984
1568	540
1569	984
1570	979
1571	979
1572	984
1573	984
1574	979
1575	979
1576	984
1577	197
1578	0
1579	0
1580	0
1581	0
1582	0
1583	0
1584	0
1585	0
1586	0
1587	0
1588	0
1589	0
1590	0
1591	0
1592	0
1593	0
1594	979
1595	0
1596	0
1597	0
1598	0
1599	0
1600	0
1601	0
1602	0
1603	0
1604	0
1605	0
1606	0
1607	0
1608	0
1609	0
1610	0
1611	396
1612	0
1613	0
1614	0
1615	0
1616	979
1617	979
1618	984
1619	984
1620	979
1621	0
1622	979
1623	0
1624	3
1625	0
1626	979
1627	984
1628	984
1629	0
1630	0
1631	984
1632	984
1633	984
1634	0
1635	0
1636	0
1637	0
1638	0
1639	0
1640	984
1641	984
1642	979
1643	979
1644	984
1645	0
1646	0
1647	0
1648	0
1649	0
1650	0
1651	0
1652	0
1653	979
1654	984
1655	0
1656	0
1657	984
1658	984
1659	979
1660	0
1661	984
1662	984
1663	0
1664	0
1665	0
1666	0
1667	0
1668	0
1669	984
1670	926
1671	2
1672	0
1673	0
1674	984
1675	979
1676	394
1677	984
1678	10
1679	0
1680	984
1681	725
1682	0
1683	0
1684	0
1685	0
1686	979
1687	984
1688	0
1689	403
1690	18
1691	0
1692	0
1693	984
1694	394
1695	979
1696	979
1697	979
1698	0
1699	984
1700	0
1701	396
1702	0
1703	0
1704	0
1705	979
1706	0
1707	0
1708	979
1709	0
1710	0
1711	979
1712	0
1713	8
1714	403
1715	0
1716	0
1717	0
1718	0
1719	0
1720	0
1721	0
1722	0
1723	0
1724	984
1725	984
1726	0
1727	0
1728	984
1729	979
1730	979
1731	0
1732	0
1733	979
1734	0
1735	0
1736	0
1737	0
1738	984
1739	984
1740	984
1741	0
1742	984
1743	984
1744	350
1745	0
1746	0
1747	0
1748	0
1749	0
1750	0
1751	0
1752	0
1753	0
1754	0
1755	0
1756	979
1757	0
1758	0
1759	984
1760	0
1761	0
1762	0
1763	0
1764	0
1765	0
1766	0
1767	0
1768	0
1769	0
1770	0
1771	0
1772	0
1773	0
1774	0
1775	0
1776	0
1777	984
1778	979
1779	0
1780	7
1781	0
1782	984
1783	277
1784	979
1785	540
1786	984
1787	0
1788	0
1789	979
1790	984
1791	8
1792	0
1793	979
1794	540
1795	979
1796	979
1797	0
1798	540
1799	984
1800	979
1801	220
1802	0
1803	0
1804	197
1805	0
1806	394
1807	0
1808	0
1809	984
1810	984
1811	984
1812	0
1813	0
1814	0
1815	0
1816	157
1817	0
1818	0
1819	0
1820	7
1821	0
1822	984
1823	984
1824	984
1825	979
1826	249
1827	380
1828	6
1829	0
1830	0
1831	0
1832	0
1833	0
1834	984
1835	979
1836	984
1837	0
1838	0
1839	0
1840	0
1841	0
1842	0
1843	0
1844	0
1845	0
1846	979
1847	0
1848	979
1849	396
1850	984
1851	984
1852	984
1853	984
1854	984
1855	984
1856	984
1857	984
1858	984
1859	979
1860	979
1861	984
1862	979
1863	197
1864	984
1865	984
1866	0
1867	0
1868	0
1869	0
1870	0
1871	0
1872	0
1873	0
1874	3
1875	3
1876	0
1877	984
1878	984
1879	0
1880	0
1881	0
1882	0
1883	0
1884	0
1885	0
1886	984
1887	6
1888	0
1889	0
1890	0
1891	0
1892	0
1893	984
1894	0
1895	396
1896	5
1897	0
1898	0
1899	0
1900	0
1901	0
1902	0
1903	984
1904	984
1905	984
1906	979
1907	984
1908	0
1909	0
1910	540
1911	194
1912	984
1913	0
1914	0
1915	0
1916	0
1917	984
1918	12
1919	0
1920	13
1921	0
1922	194
1923	0
1924	0
1925	0
1926	0
1927	0
1928	0
1929	0
1930	0
1931	0
1932	0
1933	0
1934	0
1935	0
1936	0
1937	0
1938	0
1939	984
1940	984
1941	984
1942	0
1943	0
1944	0
1945	0
1946	0
1947	979
1948	0
1949	0
1950	0
1951	0
1952	979
1953	10
1954	984
1955	984
1956	979
1957	984
1958	3
1959	197
1960	0
1961	0
1962	277
1963	394
1964	0
1965	0
1966	277
1967	979
1968	540
1969	984
1970	0
1971	979
1972	0
1973	0
1974	984
1975	0
1976	984
1977	0
1978	0
1979	984
1980	979
1981	197
1982	0
1983	984
1984	0
1985	979
1986	0
1987	0
1988	0
1989	277
1990	984
1991	984
1992	396
1993	0
1994	0
1995	0
1996	979
1997	0
1998	0
1999	0
2000	979
2001	0
2002	0
2003	0
2004	0
2005	984
2006	984
2007	394
2008	984
2009	0
2010	0
2011	0
2012	0
2013	0
2014	0
2015	0
2016	0
2017	0
2018	0
2019	984
2020	984
2021	984
2022	984
2023	540
2024	979
2025	0
2026	0
2027	979
2028	0
2029	984
2030	0
2031	984
2032	984
2033	0
2034	0
2035	0
2036	0
2037	0
2038	0
2039	0
2040	0
2041	0
2042	0
2043	0
2044	0
2045	0
2046	0
2047	0
2048	0
2049	984
2050	979
2051	0
2052	0
2053	0
2054	0
2055	0
2056	3
2057	979
2058	0
2059	0
2060	0
2061	0
2062	984
2063	984
2064	984
2065	194
2066	984
2067	984
2068	984
2069	0
2070	0
2071	0
2072	0
2073	0
2074	0
2075	4
2076	0
2077	0
2078	2
2079	984
2080	979
2081	0
2082	984
2083	984
2084	984
2085	0
2086	0
2087	0
2088	984
2089	0
2090	984
2091	984
2092	0
2093	0
2094	0
2095	0
2096	984
2097	984
2098	979
2099	984
2100	0
2101	979
2102	979
2103	0
2104	13
2105	0
2106	0
2107	0
2108	0
2109	0
2110	0
2111	0
2112	0
2113	0
2114	394
2115	0
2116	0
2117	0
2118	0
2119	0
2120	0
2121	0
2122	0
2123	984
2124	0
2125	984
2126	979
2127	4
2128	979
2129	396
2130	0
2131	8
2132	8
2133	0
2134	984
2135	0
2136	984
2137	979
2138	979
2139	394
2140	0
2141	984
2142	984
2143	0
2144	0
2145	984
2146	0
2147	0
2148	979
2149	979
2150	984
2151	0
2152	0
2153	0
2154	0
2155	0
2156	0
2157	0
2158	0
2159	0
2160	174
2161	984
2162	0
2163	0
2164	197
2165	984
2166	979
2167	979
2168	984
2169	984
2170	277
2171	0
2172	0
2173	0
2174	0
2175	0
2176	0
2177	13
2178	13
2179	0
2180	0
2181	0
2182	13
2183	10
2184	0
2185	0
2186	0
2187	0
2188	277
2189	5
2190	396
2191	394
2192	979
2193	0
2194	0
2195	979
2196	979
2197	0
2198	0
2199	984
2200	540
2201	0
2202	0
2203	0
2204	979
2205	984
2206	175
2207	0
2208	0
2209	0
2210	0
2211	0
2212	0
2213	204
2214	540
2215	0
2216	984
2217	984
2218	984
2219	0
2220	0
2221	0
2222	984
2223	938
2224	0
2225	0
2226	0
2227	394
2228	394
2229	394
2230	5
2231	0
2232	0
2233	0
2234	0
2235	984
2236	984
2237	984
2238	984
2239	984
2240	984
2241	984
2242	984
2243	979
2244	984
2245	0
2246	0
2247	0
2248	0
2249	0
2250	0
2251	0
2252	984
2253	0
2254	0
2255	0
2256	0
2257	0
2258	277
2259	984
2260	0
2261	0
2262	984
2263	197
2264	979
2265	0
2266	0
2267	0
2268	984
2269	0
2270	0
2271	984
2272	0
2273	0
2274	0
2275	984
2276	984
2277	984
2278	984
2279	0
2280	979
2281	0
2282	0
2283	0
2284	0
2285	984
2286	984
2287	3
2288	0
2289	0
2290	984
2291	277
2292	979
2293	0
2294	3
2295	7
2296	0
2297	0
2298	0
2299	540
2300	979
2301	979
2302	13
2303	0
2304	984
2305	540
2306	979
2307	984
2308	984
2309	5
2310	0
2311	984
2312	0
2313	984
2314	984
2315	984
2316	0
2317	540
2318	0
2319	984
2320	8
2321	0
2322	984
2323	979
2324	979
2325	0
2326	0
2327	0
2328	0
2329	0
2330	0
2331	0
2332	0
2333	0
2334	0
2335	0
2336	984
2337	979
2338	0
2339	0
2340	984
2341	0
2342	0
2343	0
2344	0
2345	0
2346	0
2347	0
2348	0
2349	979
2350	197
2351	396
2352	0
2353	0
2354	0
2355	979
2356	0
2357	0
2358	0
2359	984
2360	979
2361	197
2362	0
2363	0
2364	10
2365	984
2366	0
2367	0
2368	984
2369	979
2370	979
2371	984
2372	984
2373	540
2374	540
2375	540
2376	194
2377	984
2378	979
2379	0
2380	984
2381	979
2382	540
2383	984
2384	979
2385	984
2386	0
2387	0
2388	0
2389	984
2390	277
2391	0
2392	0
2393	979
2394	0
2395	90
2396	0
2397	984
2398	0
2399	984
2400	0
2401	0
2402	0
2403	0
2404	0
2405	984
2406	0
2407	984
2408	979
2409	984
2410	0
2411	0
2412	0
2413	0
2414	979
2415	984
2416	984
2417	0
2418	0
2419	0
2420	0
2421	0
2422	0
2423	0
2424	0
2425	0
2426	0
2427	0
2428	0
2429	0
2430	0
2431	0
2432	0
2433	0
2434	0
2435	0
2436	0
2437	984
2438	979
2439	6
2440	0
2441	0
2442	0
2443	0
2444	984
2445	396
2446	984
2447	979
2448	979
2449	540
2450	979
2451	979
2452	979
2453	984
2454	979
2455	540
2456	0
2457	0
2458	277
2459	0
2460	984
2461	0
2462	0
2463	0
2464	15
2465	0
2466	984
2467	984
2468	984
2469	0
2470	0
2471	394
2472	984
2473	396
2474	984
2475	979
2476	0
2477	0
2478	0
2479	0
2480	0
2481	0
2482	0
2483	0
2484	0
2485	0
2486	0
2487	0
2488	0
2489	0
2490	0
2491	0
2492	0
2493	0
2494	6
2495	0
2496	72
2497	0
2498	979
2499	0
2500	0
2501	0
2502	0
2503	72
2504	0
2505	0
2506	0
2507	0
2508	0
2509	0
2510	0
2511	0
2512	0
2513	0
2514	0
2515	0
2516	0
2517	0
2518	0
2519	0
2520	0
2521	0
2522	984
2523	984
2524	984
2525	979
2526	0
2527	984
2528	0
2529	0
2530	984
2531	984
2532	984
2533	984
2534	396
2535	194
2536	0
2537	13
2538	13
2539	0
2540	0
2541	984
2542	540
2543	0
2544	0
2545	0
2546	0
2547	12
2548	0
2549	0
2550	0
2551	0
2552	984
2553	0
2554	0
2555	0
2556	984
2557	0
2558	0
2559	0
2560	0
2561	0
2562	984
2563	540
2564	984
2565	0
2566	2
2567	984
2568	984
2569	0
2570	0
2571	979
2572	540
2573	0
2574	0
2575	101
2576	0
2577	0
2578	0
2579	0
2580	979
2581	984
2582	984
2583	394
2584	0
2585	0
2586	984
2587	8
2588	8
2589	2
2590	0
2591	0
2592	0
2593	13
2594	979
2595	277
2596	984
2597	984
2598	984
2599	4
2600	0
2601	984
2602	0
2603	0
2604	984
2605	0
2606	984
2607	0
2608	979
2609	394
2610	0
2611	0
2612	0
2613	0
2614	0
2615	0
2616	0
2617	0
2618	0
2619	984
2620	984
2621	984
2622	0
2623	26
2624	0
2625	0
2626	984
2627	540
2628	979
2629	979
2630	979
2631	984
2632	396
2633	0
2634	0
2635	0
2636	0
2637	277
2638	0
2639	0
2640	0
2641	0
2642	984
2643	984
2644	0
2645	4
2646	0
2647	984
2648	984
2649	984
2650	979
2651	984
2652	979
2653	984
2654	984
2655	0
2656	0
2657	984
2658	0
2659	984
2660	984
2661	0
2662	0
2663	0
2664	0
2665	0
2666	540
2667	5
2668	984
2669	0
2670	0
2671	0
2672	0
2673	979
2674	13
2675	6
2676	0
2677	0
2678	984
2679	979
2680	394
2681	984
2682	984
2683	0
2684	0
2685	0
2686	0
2687	0
2688	0
2689	0
2690	984
2691	540
2692	984
2693	0
2694	0
2695	0
2696	0
2697	0
2698	0
2699	396
2700	0
2701	0
2702	0
2703	540
2704	979
2705	5
2706	0
2707	0
2708	984
2709	540
2710	0
2711	0
2712	0
2713	0
2714	0
2715	0
2716	0
2717	0
2718	0
2719	277
2720	984
2721	4
2722	0
2723	0
2724	0
2725	0
2726	0
2727	979
2728	0
2729	0
2730	0
2731	277
2732	984
2733	984
2734	984
2735	26
2736	0
2737	0
2738	394
2739	984
2740	0
2741	0
2742	0
2743	0
2744	0
2745	0
2746	0
2747	0
2748	0
2749	984
2750	394
2751	0
2752	0
2753	0
2754	0
2755	0
2756	979
2757	0
2758	0
2759	540
2760	984
2761	979
2762	979
2763	0
2764	0
2765	0
2766	0
2767	0
2768	0
2769	0
2770	0
2771	0
2772	984
2773	0
2774	984
2775	984
2776	979
2777	979
2778	984
2779	0
2780	0
2781	984
2782	979
2783	504
2784	0
2785	0
2786	0
2787	979
2788	979
2789	0
2790	0
2791	0
2792	0
2793	0
2794	0
2795	0
2796	0
2797	0
2798	0
2799	0
2800	0
2801	0
2802	0
2803	984
2804	984
2805	0
2806	6
2807	0
2808	0
2809	0
2810	0
2811	0
2812	0
2813	0
2814	0
2815	979
2816	0
2817	984
2818	984
2819	984
2820	984
2821	394
2822	540
2823	540
2824	984
2825	979
2826	979
2827	984
2828	979
2829	984
2830	984
2831	0
2832	0
2833	4
2834	984
2835	984
2836	0
2837	0
2838	0
2839	0
2840	0
2841	0
2842	0
2843	0
2844	0
2845	0
2846	0
2847	0
2848	3
2849	0
2850	0
2851	3
2852	984
2853	396
2854	0
2855	0
2856	3
2857	0
2858	0
2859	7
2860	0
2861	0
2862	984
2863	540
2864	0
2865	0
2866	0
2867	0
2868	0
2869	0
2870	540
2871	979
2872	984
2873	0
2874	0
2875	0
2876	0
2877	0
2878	0
2879	396
2880	0
2881	984
2882	0
2883	0
2884	0
2885	979
2886	277
2887	0
2888	0
2889	979
2890	0
2891	0
2892	0
2893	0
2894	6
2895	0
2896	0
2897	0
2898	0
2899	0
2900	0
2901	984
2902	984
2903	979
2904	6
2905	0
2906	14
2907	0
2908	0
2909	0
2910	0
2911	394
2912	979
2913	0
2914	0
2915	0
2916	396
2917	466
2918	0
2919	0
2920	0
2921	984
2922	984
2923	0
2924	0
2925	984
2926	979
2927	979
2928	15
2929	0
2930	0
2931	0
2932	0
2933	0
2934	984
2935	984
2936	0
2937	0
2938	0
2939	0
2940	0
2941	984
2942	0
2943	0
2944	0
2945	0
2946	0
2947	0
2948	984
2949	0
2950	0
2951	0
2952	0
2953	0
2954	194
2955	0
2956	3
2957	11
2958	0
2959	979
2960	984
2961	984
2962	0
2963	0
2964	0
2965	0
2966	984
2967	277
2968	0
2969	0
2970	0
2971	0
2972	0
2973	0
2974	0
2975	0
2976	0
2977	0
2978	0
2979	0
2980	0
2981	0
2982	984
2983	984
2984	984
2985	979
2986	979
2987	984
2988	0
2989	979
2990	0
2991	0
2992	0
2993	0
2994	0
2995	979
2996	540
2997	979
2998	540
2999	984
3000	0
3001	984
3002	112
3003	0
3004	194
3005	0
3006	0
3007	979
3008	979
3009	984
3010	984
3011	984
3012	984
3013	540
3014	979
3015	0
3016	0
3017	0
3018	0
3019	0
3020	0
3021	0
3022	0
3023	984
3024	984
3025	984
3026	984
3027	0
3028	3
3029	0
3030	984
3031	0
3032	396
3033	3
3034	984
3035	0
3036	979
3037	984
3038	0
3039	979
3040	0
3041	0
3042	0
3043	0
3044	0
3045	984
3046	0
3047	984
3048	0
3049	0
3050	0
3051	0
3052	0
3053	0
3054	0
3055	0
3056	984
3057	0
3058	0
3059	0
3060	0
3061	984
3062	396
3063	6
3064	0
3065	0
3066	0
3067	0
3068	0
3069	0
3070	0
3071	0
3072	0
3073	5
3074	0
3075	984
3076	0
3077	0
3078	0
3079	984
3080	0
3081	0
3082	0
3083	0
3084	0
3085	0
3086	984
3087	979
3088	76
3089	9
3090	979
3091	0
3092	984
3093	0
3094	0
3095	0
3096	0
3097	0
3098	0
3099	0
3100	277
3101	0
3102	0
3103	979
3104	984
3105	0
3106	0
3107	0
3108	984
3109	984
3110	0
3111	0
3112	0
3113	0
3114	984
3115	984
3116	979
3117	197
3118	0
3119	3
3120	984
3121	984
3122	984
3123	0
3124	0
3125	0
3126	984
3127	0
3128	540
3129	984
3130	0
3131	0
3132	540
3133	984
3134	540
3135	0
3136	0
3137	0
3138	0
3139	984
3140	0
3141	0
3142	0
3143	0
3144	0
3145	0
3146	0
3147	984
3148	12
3149	0
3150	0
3151	0
3152	197
3153	6
3154	0
3155	0
3156	984
3157	984
3158	17
3159	0
3160	277
3161	85
3162	0
3163	0
3164	979
3165	196
3166	0
3167	5
3168	0
3169	0
3170	0
3171	984
3172	979
3173	984
3174	396
3175	984
3176	984
3177	984
3178	984
3179	0
3180	0
3181	0
3182	0
3183	0
3184	0
3185	0
3186	0
3187	0
3188	0
3189	0
3190	0
3191	0
3192	0
3193	0
3194	0
3195	0
3196	0
3197	0
3198	0
3199	0
3200	12
3201	13
3202	0
3203	0
3204	979
3205	0
3206	5
3207	984
3208	540
3209	984
3210	984
3211	984
3212	984
3213	979
3214	984
3215	984
3216	984
3217	5
3218	0
3219	984
3220	13
3221	984
3222	540
3223	0
3224	0
3225	0
3226	0
3227	984
3228	984
3229	397
3230	0
3231	984
3232	0
3233	0
3234	0
3235	0
3236	0
3237	0
3238	0
3239	0
3240	277
3241	396
3242	0
3243	0
3244	984
3245	0
3246	0
3247	984
3248	0
3249	0
3250	0
3251	984
3252	0
3253	984
3254	0
3255	0
3256	0
3257	0
3258	0
3259	0
3260	195
3261	984
3262	984
3263	984
3264	979
3265	0
3266	0
3267	0
3268	984
3269	0
3270	10
3271	0
3272	979
3273	984
3274	5
3275	984
3276	0
3277	979
3278	0
3279	0
3280	0
3281	0
3282	0
3283	979
3284	0
3285	0
3286	0
3287	0
3288	984
3289	5
3290	0
3291	984
3292	7
3293	5
3294	0
3295	0
3296	11
3297	0
3298	0
3299	0
3300	0
3301	0
3302	0
3303	0
3304	194
3305	0
3306	540
3307	979
3308	0
3309	540
3310	396
3311	0
3312	0
3313	984
3314	984
3315	984
3316	0
3317	984
3318	0
3319	984
3320	0
3321	0
3322	0
3323	0
3324	0
3325	0
3326	0
3327	0
3328	979
3329	926
3330	984
3331	979
3332	540
3333	984
3334	0
3335	984
3336	984
3337	984
3338	0
3339	984
3340	10
3341	0
3342	0
3343	984
3344	0
3345	0
3346	0
3347	0
3348	0
3349	0
3350	0
3351	0
3352	0
3353	0
3354	0
3355	0
3356	0
3357	0
3358	0
3359	0
3360	0
3361	0
3362	0
3363	984
3364	540
3365	0
3366	8
3367	13
3368	0
3369	979
3370	984
3371	984
3372	984
3373	197
3374	3
3375	540
3376	0
3377	984
3378	984
3379	0
3380	0
3381	0
3382	0
3383	0
3384	984
3385	984
3386	540
3387	984
3388	984
3389	0
3390	984
3391	0
3392	0
3393	0
3394	0
3395	0
3396	984
3397	0
3398	0
3399	0
3400	984
3401	984
3402	984
3403	0
3404	979
3405	0
3406	984
3407	0
3408	0
3409	0
3410	979
3411	0
3412	0
3413	8
3414	0
3415	11
3416	277
3417	277
3418	984
3419	277
3420	984
3421	0
3422	0
3423	0
3424	0
3425	0
3426	0
3427	0
3428	0
3429	0
3430	0
3431	0
3432	0
3433	979
3434	984
3435	0
3436	0
3437	0
3438	0
3439	0
3440	11
3441	984
3442	0
3443	984
3444	403
3445	984
3446	984
3447	984
3448	984
3449	984
3450	984
3451	984
3452	979
3453	396
3454	4
3455	984
3456	984
3457	984
3458	0
3459	0
3460	0
3461	0
3462	0
3463	0
3464	0
3465	0
3466	0
3467	0
3468	0
3469	0
3470	979
3471	979
3472	3
3473	3
3474	12
3475	0
3476	0
3477	0
3478	0
3479	9
3480	0
3481	0
3482	0
3483	0
3484	0
3485	0
3486	0
3487	540
3488	984
3489	984
3490	540
3491	0
3492	0
3493	0
3494	13
3495	0
3496	7
3497	979
3498	979
3499	540
3500	979
3501	0
3502	0
3503	0
3504	984
3505	6
3506	0
3507	984
3508	984
3509	197
3510	0
3511	0
3512	984
3513	0
3514	0
3515	0
3516	984
3517	984
3518	984
3519	984
3520	984
3521	0
3522	0
3523	0
3524	0
3525	5
3526	0
3527	0
3528	0
3529	0
3530	0
3531	0
3532	0
3533	0
3534	0
3535	0
3536	0
3537	0
3538	0
3539	0
3540	812
3541	0
3542	0
3543	984
3544	22
3545	2
3546	984
3547	984
3548	979
3549	984
3550	984
3551	984
3552	0
3553	0
3554	984
3555	984
3556	979
3557	979
3558	0
3559	984
3560	984
3561	979
3562	13
3563	0
3564	540
3565	0
3566	979
3567	0
3568	984
3569	984
3570	979
3571	984
3572	979
3573	0
3574	984
3575	984
3576	984
3577	0
3578	0
3579	0
3580	0
3581	0
3582	0
3583	0
3584	984
3585	984
3586	984
3587	984
3588	979
3589	0
3590	0
3591	0
3592	0
3593	0
3594	0
3595	0
3596	0
3597	0
3598	0
3599	0
3600	0
3601	984
3602	0
3603	4
3604	0
3605	984
3606	984
3607	0
3608	979
3609	984
3610	5
3611	0
3612	0
3613	0
3614	0
3615	5
3616	0
3617	0
3618	396
3619	0
3620	6
3621	0
3622	0
3623	0
3624	0
3625	0
3626	0
3627	0
3628	4
3629	0
3630	0
3631	979
3632	540
3633	540
3634	984
3635	0
3636	0
3637	0
3638	984
3639	484
3640	984
3641	984
3642	0
3643	0
3644	0
3645	0
3646	0
3647	0
3648	0
3649	0
3650	0
3651	979
3652	979
3653	396
3654	0
3655	0
3656	0
3657	0
3658	0
3659	12
3660	984
3661	984
3662	984
3663	984
3664	0
3665	0
3666	984
3667	0
3668	0
3669	0
3670	0
3671	0
3672	0
3673	0
3674	0
3675	0
3676	0
3677	984
3678	984
3679	984
3680	979
3681	0
3682	984
3683	0
3684	0
3685	0
3686	0
3687	0
3688	540
3689	984
3690	979
3691	984
3692	197
3693	0
3694	2
3695	0
3696	0
3697	0
3698	0
3699	984
3700	979
3701	394
3702	11
3703	0
3704	0
3705	0
3706	0
3707	984
3708	984
3709	984
3710	0
3711	0
3712	0
3713	0
3714	0
3715	0
3716	0
3717	0
3718	984
3719	0
3720	984
3721	984
3722	194
3723	0
3724	984
3725	984
3726	197
3727	277
3728	9
3729	9
3730	396
3731	277
3732	984
3733	984
3734	0
3735	984
3736	194
3737	396
3738	984
3739	540
3740	0
3741	0
3742	0
3743	0
3744	0
3745	0
3746	0
3747	0
3748	979
3749	979
3750	979
3751	540
3752	984
3753	0
3754	0
3755	0
3756	0
3757	0
3758	984
3759	540
3760	0
3761	0
3762	0
3763	0
3764	6
3765	979
3766	979
3767	0
3768	4
3769	0
3770	0
3771	984
3772	979
3773	0
3774	0
3775	0
3776	0
3777	0
3778	0
3779	0
3780	0
3781	0
3782	0
3783	6
3784	984
3785	984
3786	197
3787	984
3788	979
3789	396
3790	540
3791	979
3792	984
3793	984
3794	979
3795	0
3796	0
3797	0
3798	0
3799	0
3800	0
3801	0
3802	0
3803	0
3804	0
3805	0
3806	6
3807	0
3808	0
3809	0
3810	0
3811	0
3812	0
3813	0
3814	0
3815	0
3816	0
3817	0
3818	0
3819	0
3820	0
3821	0
3822	0
3823	979
3824	4
3825	0
3826	0
3827	0
3828	0
3829	0
3830	0
3831	0
3832	0
3833	0
3834	0
3835	0
3836	0
3837	228
3838	0
3839	0
3840	540
3841	984
3842	0
3843	5
3844	984
3845	540
3846	979
3847	984
3848	4
3849	9
3850	0
3851	8
3852	0
3853	0
3854	0
3855	984
3856	979
3857	0
3858	984
3859	979
3860	0
3861	0
3862	0
3863	0
3864	0
3865	979
3866	10
3867	0
3868	979
3869	984
3870	0
3871	0
3872	0
3873	984
3874	0
3875	0
3876	0
3877	979
3878	0
3879	0
3880	984
3881	0
3882	979
3883	0
3884	0
3885	0
3886	0
3887	984
3888	5
3889	984
3890	979
3891	984
3892	979
3893	13
3894	0
3895	0
3896	0
3897	984
3898	396
3899	0
3900	0
3901	979
3902	0
3903	0
3904	0
3905	0
3906	0
3907	0
3908	0
3909	0
3910	984
3911	979
3912	984
3913	979
3914	984
3915	984
3916	979
3917	984
3918	984
3919	979
3920	540
3921	0
3922	396
3923	0
3924	0
3925	0
3926	979
3927	979
3928	984
3929	0
3930	0
3931	0
3932	984
3933	0
3934	0
3935	0
3936	0
3937	0
3938	0
3939	0
3940	0
3941	0
3942	0
3943	984
3944	394
3945	6
3946	0
3947	277
3948	979
3949	984
3950	0
3951	277
3952	0
3953	277
3954	197
3955	277
3956	979
3957	0
3958	984
3959	984
3960	0
3961	0
3962	0
3963	984
3964	0
3965	0
3966	0
3967	979
3968	540
3969	979
3970	984
3971	10
3972	10
3973	0
3974	0
3975	0
3976	0
3977	0
3978	0
3979	0
3980	984
3981	0
3982	984
3983	984
3984	0
3985	0
3986	0
3987	0
3988	984
3989	984
3990	979
3991	0
3992	0
3993	0
3994	3
3995	0
3996	984
3997	0
3998	0
3999	0
4000	0
4001	0
4002	0
4003	0
4004	0
4005	0
4006	0
4007	984
4008	6
4009	0
4010	0
4011	979
4012	0
4013	0
4014	0
4015	0
4016	984
4017	394
4018	5
4019	0
4020	0
4021	0
4022	0
4023	0
4024	0
4025	0
4026	0
4027	0
4028	0
4029	0
4030	0
4031	0
4032	0
4033	0
4034	0
4035	0
4036	0
4037	0
4038	0
4039	0
4040	0
4041	0
4042	0
4043	0
4044	0
4045	0
4046	979
4047	10
4048	0
4049	979
4050	979
4051	10
4052	186
4053	3
4054	0
4055	0
4056	0
4057	979
4058	0
4059	984
4060	0
4061	0
4062	979
4063	915
4064	396
4065	0
4066	0
4067	0
4068	0
4069	0
4070	0
4071	0
4072	0
4073	0
4074	0
4075	0
4076	979
4077	984
4078	984
4079	984
4080	984
4081	979
4082	396
4083	0
4084	0
4085	277
4086	0
4087	0
4088	979
4089	0
4090	984
4091	984
4092	984
4093	979
4094	0
4095	0
4096	0
4097	984
4098	0
4099	0
4100	984
4101	984
4102	979
4103	984
4104	0
4105	979
4106	10
4107	0
4108	0
4109	0
4110	0
4111	0
4112	0
4113	0
4114	984
4115	979
4116	0
4117	0
4118	0
4119	0
4120	0
4121	0
4122	0
4123	0
4124	984
4125	0
4126	979
4127	0
4128	0
4129	0
4130	0
4131	0
4132	0
4133	0
4134	0
4135	0
4136	0
4137	0
4138	0
4139	0
4140	0
4141	979
4142	979
4143	540
4144	540
4145	540
4146	984
4147	984
4148	984
4149	984
4150	979
4151	540
4152	540
4153	984
4154	540
4155	984
4156	984
4157	979
4158	979
4159	979
4160	979
4161	979
4162	979
4163	979
4164	984
4165	0
4166	984
4167	0
4168	979
4169	6
4170	0
4171	3
4172	540
4173	540
4174	984
4175	0
4176	0
4177	0
4178	0
4179	0
4180	539
4181	0
4182	0
4183	0
4184	0
4185	0
4186	0
4187	5
4188	0
4189	0
4190	0
4191	0
4192	0
4193	0
4194	0
4195	0
4196	7
4197	0
4198	0
4199	0
4200	0
4201	979
4202	0
4203	0
4204	0
4205	0
4206	0
4207	0
4208	979
4209	0
4210	0
4211	540
4212	0
4213	979
4214	979
4215	540
4216	984
4217	984
4218	0
4219	0
4220	277
4221	984
4222	979
4223	7
4224	0
4225	186
4226	0
4227	984
4228	0
4229	0
4230	0
4231	984
4232	984
4233	0
4234	984
4235	0
4236	984
4237	979
4238	946
4239	394
4240	0
4241	0
4242	12
4243	984
4244	979
4245	0
4246	396
4247	3
4248	984
4249	984
4250	984
4251	0
4252	0
4253	0
4254	6
4255	0
4256	0
4257	0
4258	984
4259	984
4260	0
4261	0
4262	979
4263	0
4264	5
4265	0
4266	7
4267	0
4268	979
4269	0
4270	0
4271	0
4272	0
4273	0
4274	540
4275	396
4276	979
4277	984
4278	540
4279	979
4280	0
4281	194
4282	0
4283	984
4284	0
4285	984
4286	0
4287	979
4288	979
4289	197
4290	0
4291	0
4292	0
4293	0
4294	984
4295	540
4296	0
4297	0
4298	0
4299	540
4300	979
4301	0
4302	979
4303	984
4304	540
4305	0
4306	0
4307	0
4308	0
4309	979
4310	0
4311	0
4312	0
4313	0
4314	984
4315	865
4316	0
4317	984
4318	0
4319	13
4320	0
4321	0
4322	0
4323	984
4324	984
4325	979
4326	984
4327	979
4328	0
4329	277
4330	984
4331	28
4332	0
4333	0
4334	0
4335	0
4336	0
4337	0
4338	0
4339	0
4340	0
4341	979
4342	984
4343	984
4344	540
4345	540
4346	6
4347	979
4348	0
4349	979
4350	984
4351	0
4352	984
4353	979
4354	2
4355	0
4356	979
4357	984
4358	984
4359	0
4360	0
4361	0
4362	0
4363	0
4364	0
4365	984
4366	0
4367	0
4368	984
4369	979
4370	984
4371	984
4372	0
4373	0
4374	0
4375	0
4376	0
4377	0
4378	984
4379	984
4380	0
4381	0
4382	0
4383	5
4384	0
4385	979
4386	0
4387	979
4388	396
4389	10
4390	0
4391	540
4392	984
4393	608
4394	37
4395	0
4396	13
4397	0
4398	7
4399	0
4400	0
4401	984
4402	0
4403	4
4404	0
4405	0
4406	0
4407	0
4408	984
4409	979
4410	3
4411	396
4412	0
4413	0
4414	394
4415	0
4416	0
4417	0
4418	984
4419	979
4420	979
4421	540
4422	979
4423	0
4424	0
4425	0
4426	0
4427	0
4428	0
4429	0
4430	0
4431	984
4432	0
4433	0
4434	0
4435	984
4436	277
4437	979
4438	984
4439	540
4440	979
4441	277
4442	984
4443	0
4444	0
4445	0
4446	0
4447	0
4448	0
4449	0
4450	0
4451	12
4452	0
4453	0
4454	7
4455	11
4456	0
4457	0
4458	0
4459	0
4460	0
4461	0
4462	0
4463	0
4464	0
4465	9
4466	0
4467	0
4468	0
4469	0
4470	984
4471	979
4472	394
4473	0
4474	0
4475	0
4476	0
4477	0
4478	0
4479	4
4480	396
4481	2
4482	979
4483	540
4484	979
4485	127
4486	984
4487	984
4488	540
4489	0
4490	9
4491	0
4492	0
4493	540
4494	5
4495	0
4496	0
4497	984
4498	13
4499	979
4500	0
4501	0
4502	0
4503	984
4504	0
4505	0
4506	0
4507	0
4508	984
4509	984
4510	984
4511	979
4512	0
4513	0
4514	0
4515	0
4516	0
4517	0
4518	0
4519	0
4520	0
4521	0
4522	0
4523	0
4524	0
4525	0
4526	13
4527	0
4528	0
4529	979
4530	979
4531	277
4532	979
4533	0
4534	0
4535	984
4536	0
4537	817
4538	979
4539	984
4540	0
4541	0
4542	0
4543	984
4544	979
4545	11
4546	0
4547	0
4548	984
4549	12
4550	4
4551	0
4552	0
4553	979
4554	0
4555	0
4556	0
4557	0
4558	0
4559	0
4560	0
4561	0
4562	0
4563	0
4564	984
4565	540
4566	984
4567	0
4568	984
4569	984
4570	0
4571	0
4572	13
4573	0
4574	0
4575	0
4576	979
4577	0
4578	0
4579	0
4580	0
4581	984
4582	984
4583	0
4584	984
4585	984
4586	979
4587	0
4588	0
4589	0
4590	0
4591	0
4592	0
4593	0
4594	0
4595	0
4596	0
4597	984
4598	0
4599	0
4600	0
4601	984
4602	979
4603	0
4604	984
4605	540
4606	984
4607	984
4608	0
4609	0
4610	5
4611	984
4612	0
4613	984
4614	984
4615	0
4616	984
4617	540
4618	984
4619	0
4620	0
4621	0
4622	0
4623	0
4624	4
4625	0
4626	0
4627	0
4628	0
4629	0
4630	0
4631	0
4632	0
4633	0
4634	0
4635	0
4636	979
4637	984
4638	540
4639	0
4640	0
4641	0
4642	0
4643	0
4644	0
4645	0
4646	0
4647	0
4648	984
4649	0
4650	0
4651	984
4652	5
4653	0
4654	0
4655	0
4656	0
4657	540
4658	984
4659	0
4660	0
4661	5
4662	0
4663	0
4664	984
4665	979
4666	540
4667	984
4668	0
4669	0
4670	0
4671	0
4672	0
4673	0
4674	979
4675	0
4676	0
4677	979
4678	0
4679	0
4680	0
4681	979
4682	984
4683	984
4684	540
4685	984
4686	396
4687	2
4688	394
4689	0
4690	0
4691	0
4692	0
4693	0
4694	984
4695	0
4696	984
4697	0
4698	984
4699	0
4700	0
4701	984
4702	984
4703	0
4704	0
4705	0
4706	0
4707	0
4708	0
4709	984
4710	540
4711	0
4712	0
4713	0
4714	979
4715	540
4716	979
4717	984
4718	979
4719	979
4720	984
4721	0
4722	984
4723	984
4724	979
4725	984
4726	984
4727	979
4728	0
4729	194
4730	0
4731	984
4732	984
4733	0
4734	0
4735	984
4736	0
4737	984
4738	984
4739	984
4740	984
4741	984
4742	0
4743	0
4744	0
4745	0
4746	0
4747	984
4748	0
4749	0
4750	0
4751	0
4752	984
4753	540
4754	984
4755	984
4756	984
4757	984
4758	979
4759	984
4760	984
4761	984
4762	984
4763	979
4764	0
4765	0
4766	0
4767	0
4768	0
4769	0
4770	0
4771	0
4772	0
4773	0
4774	0
4775	6
4776	0
4777	0
4778	979
4779	4
4780	984
4781	0
4782	0
4783	905
4784	0
4785	0
4786	396
4787	0
4788	27
4789	0
4790	8
4791	0
4792	0
4793	0
4794	0
4795	0
4796	984
4797	984
4798	984
4799	0
4800	0
4801	0
4802	0
4803	0
4804	0
4805	0
4806	0
4807	0
4808	0
4809	0
4810	0
4811	0
4812	0
4813	0
4814	0
4815	0
4816	0
4817	0
4818	979
4819	984
4820	984
4821	984
4822	984
4823	984
4824	277
4825	979
4826	4
4827	0
4828	984
4829	984
4830	0
4831	979
4832	0
4833	0
4834	0
4835	0
4836	0
4837	0
4838	0
4839	0
4840	5
4841	0
4842	0
4843	540
4844	836
4845	0
4846	984
4847	3
4848	0
4849	0
4850	0
4851	0
4852	0
4853	0
4854	0
4855	0
4856	0
4857	984
4858	984
4859	979
4860	197
4861	394
4862	0
4863	277
4864	0
4865	0
4866	0
4867	0
4868	0
4869	0
4870	0
4871	7
4872	979
4873	984
4874	979
4875	984
4876	0
4877	0
4878	984
4879	2
4880	2
4881	984
4882	0
4883	0
4884	0
4885	0
4886	0
4887	0
4888	0
4889	0
4890	984
4891	984
4892	979
4893	979
4894	979
4895	0
4896	0
4897	540
4898	979
4899	979
4900	540
4901	984
4902	0
4903	0
4904	0
4905	0
4906	0
4907	0
4908	984
4909	0
4910	0
4911	0
4912	0
4913	540
4914	540
4915	0
4916	979
4917	979
4918	979
4919	0
4920	0
4921	0
4922	0
4923	0
4924	0
4925	0
4926	0
4927	0
4928	0
4929	0
4930	0
4931	0
4932	0
4933	0
4934	0
4935	0
4936	979
4937	0
4938	0
4939	0
4940	0
4941	277
4942	0
4943	6
4944	0
4945	0
4946	540
4947	0
4948	984
4949	984
4950	0
4951	0
4952	0
4953	540
4954	194
4955	0
4956	394
4957	396
4958	0
4959	0
4960	0
4961	0
4962	0
4963	0
4964	0
4965	0
4966	984
4967	7
4968	0
4969	0
4970	0
4971	0
4972	0
4973	0
4974	6
4975	0
4976	984
4977	984
4978	0
4979	0
4980	0
4981	0
4982	0
4983	0
4984	984
4985	979
4986	6
4987	979
4988	0
4989	984
4990	10
4991	0
4992	984
4993	984
4994	984
4995	979
4996	979
4997	0
4998	0
4999	0
5000	0
5001	0
5002	0
5003	0
5004	984
5005	0
5006	984
5007	540
5008	979
5009	194
5010	0
5011	0
5012	0
5013	0
5014	0
5015	0
5016	984
5017	984
5018	197
5019	541
5020	0
5021	984
5022	539
5023	197
5024	0
5025	0
5026	0
5027	984
5028	0
5029	0
5030	0
5031	0
5032	984
5033	984
5034	984
5035	0
5036	0
5037	540
5038	984
5039	0
5040	0
5041	0
5042	10
5043	0
5044	0
5045	0
5046	0
5047	0
5048	540
5049	0
5050	0
5051	0
5052	979
5053	277
5054	277
5055	984
5056	0
5057	0
5058	0
5059	979
5060	0
5061	0
5062	0
5063	0
5064	394
5065	0
5066	0
5067	979
5068	0
5069	0
5070	0
5071	5
5072	984
5073	0
5074	0
5075	0
5076	979
5077	0
5078	0
5079	0
5080	0
5081	0
5082	0
5083	0
5084	984
5085	984
5086	0
5087	0
5088	984
5089	0
5090	0
5091	984
5092	984
5093	394
5094	984
5095	984
5096	984
5097	984
5098	394
5099	396
5100	984
5101	984
5102	984
5103	984
5104	984
5105	984
5106	984
5107	984
5108	277
5109	3
5110	80
5111	5
5112	3
5113	5
5114	246
5115	197
5116	3
5117	234
5118	4
5119	6
5120	10
5121	5
5122	5
5123	6
5124	107
5125	3
5126	5
