0	0
1	0
2	0
3	0
4	0
5	0
6	0
7	0
8	6
9	0
10	0
11	6
12	0
13	0
14	0
15	0
16	0
17	0
18	0
19	0
20	0
21	0
22	0
23	0
24	10
25	15
26	0
27	0
28	0
29	0
30	0
31	0
32	19
33	0
34	0
35	0
36	0
37	0
38	0
39	0
40	0
41	420
42	0
43	0
44	7
45	0
46	0
47	11
48	11
49	0
50	0
51	574
52	0
53	0
54	574
55	0
56	0
57	574
58	5
59	414
60	6
61	0
62	0
63	0
64	9
65	12
66	0
67	574
68	0
69	6
70	0
71	0
72	0
73	0
74	0
75	574
76	0
77	0
78	0
79	18
80	0
81	0
82	0
83	0
84	0
85	0
86	0
87	0
88	0
89	0
90	0
91	0
92	0
93	0
94	0
95	5
96	574
97	10
98	574
99	4
100	0
101	0
102	0
103	0
104	0
105	0
106	0
107	4
108	7
109	0
110	0
111	0
112	0
113	0
114	0
115	0
116	0
117	0
118	0
119	0
120	10
121	574
122	0
123	0
124	0
125	0
126	0
127	0
128	0
129	0
130	0
131	5
132	0
133	574
134	0
135	0
136	0
137	569
138	5
139	0
140	10
141	0
142	0
143	0
144	0
145	0
146	0
147	0
148	0
149	0
150	574
151	11
152	0
153	0
154	0
155	0
156	0
157	12
158	574
159	0
160	0
161	4
162	0
163	0
164	0
165	574
166	574
167	5
168	574
169	11
170	6
171	0
172	574
173	0
174	7
175	0
176	271
177	0
178	0
179	4
180	0
181	0
182	0
183	574
184	0
185	6
186	0
187	0
188	18
189	9
190	0
191	0
192	0
193	0
194	0
195	0
196	0
197	0
198	569
199	7
200	0
201	10
202	0
203	0
204	0
205	16
206	0
207	399
208	6
209	0
210	0
211	0
212	0
213	0
214	574
215	574
216	0
217	0
218	574
219	0
220	0
221	574
222	0
223	574
224	0
225	0
226	11
227	0
228	7
229	0
230	574
231	0
232	0
233	7
234	7
235	7
236	574
237	0
238	5
239	10
240	0
241	6
242	0
243	0
244	14
245	0
246	0
247	0
248	10
249	7
250	6
251	0
252	0
253	0
254	0
255	497
256	0
257	0
258	0
259	0
260	0
261	0
262	11
263	574
264	429
265	574
266	574
267	574
268	574
269	571
270	574
271	574
272	574
273	0
274	0
275	7
276	0
277	0
278	0
279	0
280	0
281	0
282	0
283	0
284	0
285	0
286	0
287	0
288	0
289	7
290	0
291	0
292	7
293	0
294	0
295	10
296	7
297	0
298	0
299	6
300	0
301	0
302	0
303	0
304	574
305	0
306	0
307	574
308	0
309	0
310	9
311	0
312	574
313	0
314	0
315	0
316	0
317	0
318	0
319	0
320	0
321	14
322	236
323	0
324	0
325	0
326	0
327	0
328	6
329	0
330	0
331	7
332	0
333	0
334	5
335	0
336	0
337	0
338	9
339	0
340	0
341	16
342	0
343	0
344	0
345	0
346	574
347	574
348	574
349	0
350	0
351	6
352	0
353	0
354	0
355	0
356	6
357	0
358	7
359	0
360	0
361	0
362	0
363	410
364	0
365	0
366	0
367	0
368	0
369	11
370	574
371	268
372	4
373	0
374	0
375	7
376	0
377	8
378	0
379	0
380	0
381	0
382	0
383	0
384	574
385	0
386	0
387	0
388	0
389	0
390	574
391	574
392	7
393	0
394	574
395	411
396	11
397	0
398	0
399	0
400	0
401	0
402	0
403	574
404	574
405	0
406	0
407	0
408	0
409	0
410	0
411	0
412	574
413	11
414	0
415	0
416	0
417	0
418	0
419	0
420	5
421	5
422	574
423	0
424	365
425	7
426	574
427	0
428	0
429	0
430	0
431	0
432	0
433	7
434	574
435	9
436	0
437	0
438	0
439	0
440	574
441	9
442	399
443	0
444	0
445	0
446	0
447	0
448	0
449	0
450	0
451	0
452	0
453	7
454	0
455	0
456	0
457	0
458	0
459	13
460	0
461	574
462	0
463	5
464	0
465	0
466	0
467	10
468	0
469	574
470	0
471	7
472	0
473	5
474	0
475	6
476	0
477	0
478	9
479	378
480	0
481	9
482	11
483	0
484	0
485	574
486	10
487	0
488	0
489	0
490	6
491	0
492	0
493	0
494	0
495	0
496	0
497	574
498	0
499	0
500	0
501	0
502	422
503	0
504	0
505	0
506	0
507	0
508	0
509	0
510	4
511	8
512	0
513	6
514	0
515	0
516	0
517	0
518	0
519	0
520	11
521	0
522	574
523	0
524	0
525	0
526	378
527	468
528	6
529	0
530	0
531	0
532	7
533	4
534	2
535	5
536	574
537	0
538	0
539	429
540	574
541	0
542	574
543	18
544	0
545	0
546	9
547	0
548	0
549	0
550	574
551	0
552	0
553	0
554	0
555	16
556	429
557	0
558	0
559	0
560	0
561	0
562	0
563	7
564	0
565	574
566	574
567	574
568	574
569	574
570	574
571	5
572	574
573	574
574	574
575	574
576	574
577	0
578	0
579	0
580	0
581	0
582	0
583	0
584	0
585	0
586	7
587	0
588	0
589	5
590	0
591	5
592	0
593	0
594	0
595	0
596	301
597	0
598	0
599	0
600	0
601	0
602	0
603	0
604	6
605	5
606	0
607	0
608	0
609	0
610	0
611	0
612	0
613	6
614	5
615	0
616	0
617	7
618	0
619	0
620	9
621	0
622	7
623	0
624	0
625	0
626	0
627	0
628	0
629	0
630	0
631	0
632	574
633	49
634	4
635	0
636	0
637	0
638	6
639	0
640	10
641	0
642	0
643	0
644	0
645	519
646	5
647	0
648	6
649	10
650	0
651	0
652	427
653	574
654	0
655	0
656	0
657	574
658	0
659	0
660	0
661	0
662	0
663	0
664	5
665	0
666	6
667	0
668	0
669	0
670	10
671	0
672	0
673	0
674	0
675	0
676	0
677	0
678	0
679	0
680	0
681	0
682	0
683	0
684	0
685	0
686	0
687	0
688	0
689	0
690	416
691	0
692	6
693	7
694	0
695	0
696	0
697	0
698	0
699	0
700	574
701	0
702	0
703	0
704	0
705	0
706	0
707	0
708	0
709	0
710	320
711	11
712	0
713	0
714	0
715	0
716	0
717	0
718	0
719	4
720	0
721	0
722	574
723	0
724	0
725	0
726	0
727	0
728	6
729	0
730	8
731	0
732	0
733	5
734	9
735	0
736	0
737	10
738	14
739	0
740	0
741	0
742	0
743	0
744	0
745	0
746	0
747	10
748	429
749	8
750	0
751	546
752	574
753	0
754	574
755	6
756	8
757	0
758	0
759	0
760	0
761	7
762	0
763	0
764	0
765	0
766	0
767	0
768	0
769	0
770	0
771	0
772	0
773	0
774	0
775	574
776	0
777	0
778	0
779	0
780	0
781	574
782	5
783	207
784	6
785	0
786	0
787	0
788	0
789	0
790	8
791	0
792	8
793	82
794	0
795	0
796	421
797	0
798	365
799	0
800	6
801	6
802	0
803	0
804	0
805	7
806	0
807	5
808	0
809	0
810	0
811	0
812	4
813	0
814	0
815	0
816	574
817	0
818	574
819	574
820	0
821	0
822	13
823	0
824	9
825	0
826	0
827	0
828	0
829	0
830	6
831	0
832	0
833	9
834	0
835	6
836	0
837	5
838	0
839	574
840	4
841	0
842	0
843	0
844	0
845	0
846	0
847	0
848	0
849	574
850	7
851	0
852	0
853	6
854	0
855	35
856	574
857	574
858	574
859	0
860	0
861	0
862	4
863	0
864	0
865	0
866	8
867	0
868	6
869	8
870	0
871	8
872	0
873	0
874	6
875	6
876	8
877	8
878	0
879	0
880	0
881	0
882	11
883	0
884	7
885	0
886	9
887	0
888	8
889	9
890	7
891	0
892	5
893	0
894	0
895	0
896	0
897	0
898	0
899	0
900	0
901	0
902	10
903	416
904	0
905	0
906	0
907	0
908	4
909	0
910	0
911	302
912	429
913	4
914	3
915	0
916	0
917	0
918	0
919	5
920	574
921	546
922	0
923	574
924	9
925	0
926	0
927	574
928	430
929	0
930	0
931	0
932	0
933	0
934	10
935	0
936	0
937	7
938	0
939	0
940	0
941	310
942	6
943	0
944	0
945	10
946	0
947	574
948	574
949	574
950	12
951	0
952	8
953	0
954	0
955	0
956	0
957	574
958	574
959	9
960	0
961	574
962	0
963	0
964	574
965	574
966	8
967	8
968	574
969	574
970	574
971	6
972	6
973	574
974	574
975	0
976	0
977	0
978	574
979	0
980	0
981	9
982	0
983	0
984	0
985	0
986	0
987	0
988	6
989	0
990	0
991	4
992	0
993	574
994	0
995	508
996	574
997	9
998	7
999	24
1000	3
1001	0
1002	0
1003	7
1004	0
1005	7
1006	0
1007	0
1008	574
1009	574
1010	0
1011	0
1012	574
1013	0
1014	0
1015	0
1016	0
1017	0
1018	0
1019	10
1020	0
1021	10
1022	0
1023	0
1024	574
1025	0
1026	0
1027	0
1028	0
1029	0
1030	0
1031	0
1032	0
1033	0
1034	0
1035	0
1036	0
1037	574
1038	0
1039	6
1040	0
1041	0
1042	0
1043	0
1044	0
1045	574
1046	0
1047	0
1048	0
1049	6
1050	327
1051	16
1052	7
1053	0
1054	0
1055	574
1056	0
1057	0
1058	0
1059	0
1060	11
1061	0
1062	4
1063	0
1064	0
1065	221
1066	574
1067	0
1068	574
1069	0
1070	6
1071	0
1072	0
1073	0
1074	0
1075	0
1076	0
1077	0
1078	0
1079	0
1080	0
1081	0
1082	0
1083	16
1084	6
1085	7
1086	0
1087	344
1088	0
1089	0
1090	0
1091	0
1092	0
1093	0
1094	4
1095	0
1096	0
1097	0
1098	0
1099	0
1100	0
1101	0
1102	574
1103	574
1104	574
1105	574
1106	574
1107	574
1108	574
1109	16
1110	574
1111	574
1112	574
1113	0
1114	7
1115	574
1116	574
1117	574
1118	0
1119	0
1120	0
1121	6
1122	0
1123	7
1124	0
1125	6
1126	0
1127	0
1128	0
1129	0
1130	0
1131	0
1132	6
1133	0
1134	16
1135	10
1136	0
1137	5
1138	0
1139	0
1140	54
1141	7
1142	4
1143	0
1144	0
1145	4
1146	0
1147	6
1148	574
1149	0
1150	0
1151	3
1152	0
1153	574
1154	5
1155	574
1156	0
1157	0
1158	0
1159	0
1160	0
1161	0
1162	0
1163	0
1164	0
1165	0
1166	0
1167	0
1168	5
1169	0
1170	0
1171	0
1172	568
1173	11
1174	0
1175	574
1176	0
1177	0
1178	0
1179	5
1180	0
1181	0
1182	5
1183	7
1184	0
1185	0
1186	572
1187	0
1188	5
1189	574
1190	0
1191	0
1192	0
1193	0
1194	0
1195	0
1196	8
1197	5
1198	4
1199	0
1200	574
1201	0
1202	0
1203	0
1204	0
1205	0
1206	0
1207	574
1208	6
1209	6
1210	0
1211	0
1212	0
1213	0
1214	399
1215	0
1216	0
1217	0
1218	0
1219	5
1220	0
1221	574
1222	574
1223	0
1224	4
1225	0
1226	0
1227	0
1228	10
1229	0
1230	0
1231	0
1232	11
1233	574
1234	0
1235	0
1236	0
1237	0
1238	0
1239	0
1240	6
1241	0
1242	574
1243	0
1244	0
1245	0
1246	0
1247	574
1248	0
1249	0
1250	0
1251	0
1252	0
1253	0
1254	574
1255	0
1256	0
1257	7
1258	298
1259	574
1260	0
1261	328
1262	0
1263	574
1264	574
1265	0
1266	0
1267	0
1268	0
1269	0
1270	0
1271	0
1272	8
1273	0
1274	5
1275	0
1276	574
1277	0
1278	350
1279	0
1280	0
1281	0
1282	5
1283	0
1284	574
1285	286
1286	9
1287	0
1288	0
1289	0
1290	0
1291	8
1292	0
1293	0
1294	0
1295	0
1296	0
1297	0
1298	0
1299	7
1300	0
1301	574
1302	0
1303	0
1304	0
1305	4
1306	0
1307	11
1308	0
1309	0
1310	0
1311	0
1312	0
1313	0
1314	0
1315	0
1316	574
1317	0
1318	0
1319	0
1320	0
1321	0
1322	0
1323	0
1324	0
1325	4
1326	0
1327	0
1328	0
1329	0
1330	5
1331	0
1332	0
1333	0
1334	410
1335	0
1336	0
1337	0
1338	0
1339	0
1340	5
1341	4
1342	0
1343	0
1344	0
1345	574
1346	574
1347	0
1348	0
1349	5
1350	5
1351	574
1352	0
1353	6
1354	0
1355	574
1356	574
1357	0
1358	0
1359	0
1360	0
1361	0
1362	0
1363	0
1364	0
1365	574
1366	574
1367	574
1368	7
1369	0
1370	0
1371	0
1372	0
1373	0
1374	0
1375	0
1376	0
1377	0
1378	0
1379	0
1380	0
1381	0
1382	0
1383	0
1384	0
1385	7
1386	6
1387	0
1388	0
1389	0
1390	6
1391	8
1392	7
1393	574
1394	10
1395	5
1396	574
1397	574
1398	10
1399	574
1400	574
1401	0
1402	0
1403	0
1404	0
1405	0
1406	0
1407	0
1408	0
1409	0
1410	0
1411	0
1412	0
1413	0
1414	574
1415	574
1416	574
1417	6
1418	0
1419	0
1420	0
1421	7
1422	574
1423	0
1424	414
1425	0
1426	0
1427	574
1428	509
1429	574
1430	574
1431	574
1432	574
1433	574
1434	574
1435	0
1436	0
1437	0
1438	0
1439	0
1440	0
1441	0
1442	0
1443	0
1444	0
1445	0
1446	0
1447	0
1448	0
1449	0
1450	0
1451	0
1452	0
1453	4
1454	7
1455	0
1456	0
1457	0
1458	0
1459	0
1460	14
1461	0
1462	0
1463	346
1464	16
1465	7
1466	311
1467	0
1468	7
1469	0
1470	0
1471	0
1472	0
1473	0
1474	0
1475	0
1476	0
1477	5
1478	5
1479	0
1480	13
1481	7
1482	4
1483	0
1484	0
1485	270
1486	0
1487	7
1488	574
1489	0
1490	0
1491	0
1492	4
1493	0
1494	0
1495	0
1496	0
1497	574
1498	0
1499	0
1500	574
1501	574
1502	0
1503	0
1504	0
1505	0
1506	0
1507	7
1508	0
1509	0
1510	7
1511	0
1512	7
1513	0
1514	0
1515	10
1516	206
1517	0
1518	5
1519	6
1520	0
1521	0
1522	4
1523	159
1524	0
1525	0
1526	0
1527	0
1528	6
1529	0
1530	0
1531	5
1532	0
1533	429
1534	0
1535	574
1536	574
1537	7
1538	524
1539	574
1540	421
1541	0
1542	9
1543	5
1544	0
1545	574
1546	7
1547	0
1548	0
1549	0
1550	0
1551	424
1552	0
1553	0
1554	0
1555	0
1556	0
1557	0
1558	574
1559	0
1560	0
1561	0
1562	0
1563	0
1564	574
1565	0
1566	0
1567	5
1568	574
1569	0
1570	4
1571	574
1572	7
1573	4
1574	568
1575	11
1576	0
1577	574
1578	574
1579	6
1580	0
1581	7
1582	0
1583	0
1584	0
1585	0
1586	0
1587	0
1588	0
1589	4
1590	0
1591	7
1592	574
1593	5
1594	4
1595	0
1596	0
1597	0
1598	0
1599	0
1600	574
1601	574
1602	574
1603	0
1604	0
1605	0
1606	58
1607	2
1608	0
1609	0
1610	0
1611	0
1612	0
1613	0
1614	6
1615	0
1616	11
1617	0
1618	6
1619	0
1620	6
1621	0
1622	0
1623	0
1624	0
1625	0
1626	0
1627	574
1628	0
1629	0
1630	574
1631	574
1632	574
1633	0
1634	0
1635	574
1636	6
1637	7
1638	0
1639	0
1640	0
1641	0
1642	0
1643	0
1644	7
1645	0
1646	0
1647	0
1648	0
1649	0
1650	4
1651	574
1652	574
1653	0
1654	574
1655	0
1656	0
1657	574
1658	5
1659	0
1660	574
1661	0
1662	0
1663	0
1664	0
1665	0
1666	574
1667	0
1668	6
1669	0
1670	0
1671	0
1672	574
1673	8
1674	5
1675	0
1676	7
1677	4
1678	4
1679	10
1680	0
1681	7
1682	0
1683	0
1684	0
1685	7
1686	0
1687	574
1688	0
1689	4
1690	0
1691	574
1692	6
1693	574
1694	18
1695	574
1696	574
1697	574
1698	574
1699	574
1700	574
1701	574
1702	0
1703	0
1704	0
1705	0
1706	0
1707	0
1708	0
1709	7
1710	0
1711	0
1712	8
1713	0
1714	0
1715	0
1716	0
1717	0
1718	0
1719	0
1720	0
1721	574
1722	5
1723	0
1724	0
1725	0
1726	0
1727	0
1728	0
1729	0
1730	0
1731	0
1732	0
1733	0
1734	8
1735	0
1736	6
1737	0
1738	0
1739	0
1740	0
1741	8
1742	0
1743	0
1744	0
1745	0
1746	0
1747	0
1748	0
1749	0
1750	0
1751	0
1752	0
1753	0
1754	0
1755	6
1756	7
1757	0
1758	0
1759	0
1760	5
1761	0
1762	0
1763	5
1764	9
1765	574
1766	8
1767	0
1768	0
1769	0
1770	0
1771	0
1772	0
1773	0
1774	574
1775	0
1776	0
1777	0
1778	574
1779	0
1780	0
1781	0
1782	0
1783	0
1784	0
1785	0
1786	0
1787	574
1788	0
1789	574
1790	0
1791	0
1792	0
1793	0
1794	5
1795	0
1796	542
1797	0
1798	0
1799	0
1800	0
1801	0
1802	0
1803	0
1804	0
1805	0
1806	0
1807	0
1808	0
1809	0
1810	0
1811	0
1812	0
1813	8
1814	0
1815	2
1816	0
1817	4
1818	574
1819	574
1820	6
1821	0
1822	0
1823	0
1824	0
1825	0
1826	0
1827	11
1828	0
1829	0
1830	7
1831	0
1832	5
1833	0
1834	0
1835	574
1836	6
1837	0
1838	10
1839	0
1840	0
1841	0
1842	0
1843	574
1844	0
1845	574
1846	177
1847	0
1848	574
1849	0
1850	0
1851	0
1852	0
1853	574
1854	399
1855	8
1856	0
1857	574
1858	6
1859	0
1860	0
1861	0
1862	0
1863	0
1864	0
1865	6
1866	0
1867	0
1868	0
1869	29
1870	0
1871	574
1872	8
1873	0
1874	4
1875	0
1876	0
1877	0
1878	0
1879	6
1880	0
1881	0
1882	0
1883	0
1884	9
1885	0
1886	0
1887	0
1888	6
1889	574
1890	0
1891	574
1892	0
1893	0
1894	430
1895	427
1896	574
1897	317
1898	7
1899	11
1900	0
1901	0
1902	574
1903	263
1904	6
1905	424
1906	9
1907	3
1908	0
1909	0
1910	6
1911	0
1912	0
1913	0
1914	0
1915	574
1916	574
1917	10
1918	0
1919	0
1920	0
1921	0
1922	0
1923	0
1924	574
1925	574
1926	0
1927	0
1928	10
1929	0
1930	8
1931	574
1932	0
1933	574
1934	574
1935	0
1936	9
1937	5
1938	0
1939	11
1940	0
1941	0
1942	574
1943	9
1944	0
1945	0
1946	0
1947	0
1948	0
1949	0
1950	0
1951	0
1952	13
1953	0
1954	0
1955	8
1956	7
1957	0
1958	0
1959	574
1960	0
1961	0
1962	0
1963	0
1964	0
1965	0
1966	574
1967	6
1968	0
1969	10
1970	421
1971	5
1972	4
1973	0
1974	0
1975	0
1976	0
1977	0
1978	0
1979	0
1980	0
1981	8
1982	0
1983	0
1984	5
1985	8
1986	0
1987	0
1988	0
1989	574
1990	0
1991	0
1992	574
1993	275
1994	16
1995	574
1996	574
1997	574
1998	574
1999	574
2000	574
2001	574
2002	574
2003	574
2004	574
2005	574
2006	574
2007	574
2008	574
2009	574
2010	0
2011	0
2012	0
2013	0
2014	0
2015	0
2016	0
2017	0
2018	0
2019	7
2020	0
2021	3
2022	0
2023	0
2024	8
2025	0
2026	6
2027	4
2028	0
2029	0
2030	0
2031	0
2032	0
2033	9
2034	0
2035	0
2036	0
2037	0
2038	0
2039	0
2040	5
2041	7
2042	5
2043	5
2044	362
2045	0
2046	0
2047	398
2048	0
2049	0
2050	0
2051	11
2052	0
2053	7
2054	274
2055	0
2056	0
2057	0
2058	5
2059	0
2060	56
2061	0
2062	6
2063	5
2064	0
2065	0
2066	0
2067	0
2068	574
2069	0
2070	0
2071	0
2072	0
2073	0
2074	574
2075	0
2076	0
2077	0
2078	5
2079	0
2080	18
2081	0
2082	0
2083	0
2084	0
2085	0
2086	2
2087	5
2088	0
2089	0
2090	0
2091	574
2092	0
2093	0
2094	5
2095	0
2096	0
2097	0
2098	3
2099	0
2100	0
2101	9
2102	3
2103	0
2104	7
2105	574
2106	574
2107	574
2108	574
2109	9
2110	0
2111	9
2112	9
2113	0
2114	0
2115	565
2116	0
2117	0
2118	574
2119	574
2120	0
2121	0
2122	0
2123	0
2124	0
2125	0
2126	5
2127	6
2128	574
2129	0
2130	0
2131	0
2132	7
2133	0
2134	0
2135	0
2136	574
2137	0
2138	0
2139	0
2140	0
2141	10
2142	0
2143	574
2144	574
2145	0
2146	574
2147	0
2148	574
2149	0
2150	0
2151	0
2152	0
2153	0
2154	0
2155	0
2156	0
2157	0
2158	0
2159	0
2160	0
2161	0
2162	0
2163	574
2164	0
2165	0
2166	0
2167	0
2168	5
2169	0
2170	0
2171	574
2172	8
2173	0
2174	399
2175	6
2176	574
2177	0
2178	0
2179	6
2180	0
2181	6
2182	0
2183	6
2184	0
2185	0
2186	0
2187	0
2188	0
2189	0
2190	6
2191	574
2192	0
2193	5
2194	0
2195	7
2196	7
2197	0
2198	574
2199	13
2200	0
2201	0
2202	0
2203	0
2204	0
2205	574
2206	0
2207	0
2208	0
2209	0
2210	0
2211	574
2212	9
2213	0
2214	0
2215	574
2216	5
2217	5
2218	574
2219	0
2220	0
2221	0
2222	0
2223	14
2224	0
2225	0
2226	5
2227	9
2228	0
2229	0
2230	0
2231	0
2232	0
2233	0
2234	0
2235	0
2236	0
2237	0
2238	0
2239	0
2240	7
2241	8
2242	9
2243	0
2244	574
2245	5
2246	0
2247	0
2248	0
2249	0
2250	0
2251	12
2252	0
2253	0
2254	0
2255	574
2256	0
2257	10
2258	9
2259	0
2260	0
2261	574
2262	0
2263	9
2264	0
2265	0
2266	0
2267	277
2268	0
2269	0
2270	0
2271	16
2272	573
2273	0
2274	421
2275	0
2276	0
2277	0
2278	0
2279	0
2280	0
2281	0
2282	0
2283	0
2284	0
2285	5
2286	7
2287	0
2288	574
2289	574
2290	574
2291	150
2292	574
2293	574
2294	574
2295	574
2296	574
2297	574
2298	574
2299	0
2300	0
2301	0
2302	0
2303	0
2304	0
2305	0
2306	7
2307	0
2308	0
2309	5
2310	5
2311	0
2312	0
2313	0
2314	7
2315	3
2316	0
2317	0
2318	0
2319	0
2320	0
2321	0
2322	0
2323	0
2324	0
2325	574
2326	0
2327	0
2328	360
2329	0
2330	0
2331	0
2332	0
2333	574
2334	0
2335	567
2336	16
2337	0
2338	5
2339	7
2340	0
2341	0
2342	0
2343	0
2344	0
2345	9
2346	0
2347	0
2348	0
2349	0
2350	4
2351	0
2352	0
2353	6
2354	0
2355	0
2356	574
2357	0
2358	0
2359	0
2360	0
2361	0
2362	0
2363	0
2364	574
2365	0
2366	0
2367	0
2368	7
2369	424
2370	0
2371	0
2372	0
2373	8
2374	0
2375	0
2376	10
2377	0
2378	0
2379	7
2380	5
2381	0
2382	0
2383	0
2384	8
2385	16
2386	0
2387	574
2388	0
2389	0
2390	574
2391	574
2392	4
2393	7
2394	0
2395	0
2396	9
2397	5
2398	574
2399	7
2400	7
2401	0
2402	11
2403	0
2404	428
2405	0
2406	0
2407	0
2408	0
2409	0
2410	0
2411	5
2412	0
2413	0
2414	0
2415	5
2416	0
2417	0
2418	0
2419	0
2420	0
2421	539
2422	574
2423	0
2424	0
2425	0
2426	574
2427	574
2428	0
2429	0
2430	0
2431	20
2432	0
2433	0
2434	0
2435	0
2436	0
2437	0
2438	0
2439	0
2440	0
2441	574
2442	0
2443	0
2444	0
2445	0
2446	0
2447	0
2448	0
2449	0
2450	0
2451	6
2452	0
2453	0
2454	0
2455	0
2456	574
2457	574
2458	0
2459	0
2460	0
2461	0
2462	0
2463	0
2464	0
2465	574
2466	0
2467	0
2468	0
2469	574
2470	0
2471	0
2472	0
2473	574
2474	5
2475	4
2476	0
2477	0
2478	574
2479	0
2480	6
2481	0
2482	0
2483	0
2484	0
2485	574
2486	0
2487	574
2488	6
2489	392
2490	8
2491	574
2492	574
2493	0
2494	0
2495	0
2496	0
2497	0
2498	574
2499	574
2500	0
2501	0
2502	574
2503	0
2504	0
2505	0
2506	574
2507	4
2508	0
2509	0
2510	0
2511	0
2512	0
2513	574
2514	0
2515	6
2516	0
2517	479
2518	433
2519	0
2520	0
2521	0
2522	0
2523	0
2524	0
2525	0
2526	0
2527	0
2528	0
2529	0
2530	574
2531	574
2532	6
2533	0
2534	4
2535	0
2536	8
2537	0
2538	0
2539	0
2540	574
2541	0
2542	0
2543	0
2544	0
2545	0
2546	0
2547	574
2548	5
2549	574
2550	8
2551	10
2552	0
2553	0
2554	16
2555	8
2556	574
2557	0
2558	7
2559	0
2560	574
2561	574
2562	0
2563	0
2564	5
2565	0
2566	0
2567	0
2568	0
2569	0
2570	0
2571	4
2572	0
2573	0
2574	0
2575	0
2576	0
2577	0
2578	0
2579	0
2580	0
2581	0
2582	0
2583	0
2584	574
2585	6
2586	9
2587	7
2588	0
2589	0
2590	0
2591	0
2592	0
2593	2
2594	0
2595	9
2596	430
2597	0
2598	0
2599	0
2600	11
2601	574
2602	574
2603	574
2604	574
2605	574
2606	574
2607	574
2608	574
2609	0
2610	0
2611	0
2612	0
2613	0
2614	0
2615	0
2616	0
2617	0
2618	0
2619	6
2620	0
2621	0
2622	3
2623	9
2624	0
2625	0
2626	358
2627	0
2628	0
2629	0
2630	0
2631	0
2632	0
2633	0
2634	5
2635	7
2636	9
2637	0
2638	0
2639	0
2640	0
2641	0
2642	0
2643	436
2644	0
2645	574
2646	0
2647	574
2648	6
2649	574
2650	574
2651	0
2652	539
2653	0
2654	0
2655	6
2656	0
2657	6
2658	0
2659	0
2660	0
2661	265
2662	9
2663	574
2664	0
2665	0
2666	0
2667	0
2668	574
2669	0
2670	0
2671	567
2672	574
2673	574
2674	0
2675	0
2676	0
2677	6
2678	0
2679	0
2680	0
2681	394
2682	417
2683	218
2684	0
2685	0
2686	0
2687	0
2688	0
2689	574
2690	574
2691	8
2692	574
2693	0
2694	0
2695	0
2696	574
2697	0
2698	0
2699	0
2700	0
2701	5
2702	0
2703	0
2704	0
2705	0
2706	574
2707	0
2708	0
2709	0
2710	0
2711	0
2712	574
2713	0
2714	0
2715	54
2716	0
2717	0
2718	0
2719	0
2720	574
2721	0
2722	0
2723	15
2724	0
2725	0
2726	0
2727	271
2728	0
2729	0
2730	0
2731	0
2732	0
2733	0
2734	0
2735	0
2736	8
2737	5
2738	0
2739	574
2740	9
2741	0
2742	0
2743	0
2744	0
2745	0
2746	0
2747	0
2748	271
2749	0
2750	0
2751	574
2752	512
2753	11
2754	0
2755	7
2756	0
2757	0
2758	574
2759	574
2760	0
2761	0
2762	0
2763	0
2764	0
2765	0
2766	0
2767	0
2768	7
2769	5
2770	0
2771	0
2772	574
2773	0
2774	0
2775	7
2776	0
2777	0
2778	0
2779	0
2780	0
2781	9
2782	574
2783	574
2784	0
2785	0
2786	574
2787	3
2788	0
2789	9
2790	0
2791	574
2792	10
2793	4
2794	0
2795	0
2796	0
2797	0
2798	0
2799	0
2800	6
2801	0
2802	0
2803	0
2804	7
2805	5
2806	0
2807	0
2808	0
2809	0
2810	0
2811	0
2812	0
2813	207
2814	0
2815	4
2816	0
2817	0
2818	7
2819	0
2820	5
2821	5
2822	0
2823	16
2824	0
2825	9
2826	0
2827	0
2828	0
2829	574
2830	6
2831	11
2832	574
2833	5
2834	0
2835	0
2836	574
2837	0
2838	0
2839	574
2840	0
2841	0
2842	0
2843	0
2844	574
2845	574
2846	0
2847	8
2848	10
2849	0
2850	0
2851	0
2852	7
2853	0
2854	0
2855	8
2856	0
2857	574
2858	0
2859	0
2860	0
2861	0
2862	0
2863	0
2864	0
2865	0
2866	0
2867	0
2868	0
2869	0
2870	0
2871	0
2872	0
2873	6
2874	7
2875	0
2876	0
2877	279
2878	0
2879	0
2880	7
2881	0
2882	11
2883	0
2884	0
2885	0
2886	574
2887	0
2888	6
2889	0
2890	0
2891	0
2892	0
2893	7
2894	0
2895	0
2896	0
2897	0
2898	0
2899	7
2900	0
2901	0
2902	0
2903	0
2904	0
2905	4
2906	574
2907	0
2908	7
2909	0
2910	0
2911	9
2912	0
2913	0
2914	0
2915	0
2916	0
2917	0
2918	438
2919	6
2920	574
2921	574
2922	574
2923	574
2924	574
2925	574
2926	574
2927	574
2928	574
2929	0
2930	0
2931	0
2932	0
2933	0
2934	4
2935	0
2936	0
2937	4
2938	0
2939	574
2940	0
2941	0
2942	0
2943	464
2944	0
2945	0
2946	0
2947	0
2948	0
2949	0
2950	0
2951	0
2952	0
2953	0
2954	7
2955	0
2956	0
2957	0
2958	574
2959	0
2960	0
2961	574
2962	0
2963	3
2964	0
2965	0
2966	7
2967	5
2968	7
2969	0
2970	6
2971	574
2972	0
2973	0
2974	0
2975	0
2976	0
2977	574
2978	0
2979	0
2980	0
2981	0
2982	0
2983	0
2984	574
2985	0
2986	7
2987	8
2988	0
2989	8
2990	6
2991	4
2992	0
2993	2
2994	0
2995	0
2996	0
2997	565
2998	0
2999	14
3000	9
3001	0
3002	0
3003	574
3004	0
3005	0
3006	4
3007	0
3008	0
3009	412
3010	0
3011	574
3012	0
3013	0
3014	574
3015	5
3016	0
3017	6
3018	0
3019	0
3020	0
3021	9
3022	0
3023	0
3024	15
3025	0
3026	0
3027	0
3028	574
3029	11
3030	0
3031	0
3032	0
3033	9
3034	0
3035	574
3036	0
3037	0
3038	0
3039	0
3040	0
3041	574
3042	0
3043	10
3044	0
3045	10
3046	574
3047	0
3048	574
3049	0
3050	0
3051	0
3052	0
3053	574
3054	0
3055	6
3056	6
3057	0
3058	0
3059	5
3060	574
3061	574
3062	7
3063	0
3064	0
3065	574
3066	0
3067	0
3068	0
3069	371
3070	0
3071	0
3072	7
3073	0
3074	0
3075	574
3076	574
3077	0
3078	5
3079	0
3080	0
3081	0
3082	0
3083	9
3084	0
3085	567
3086	0
3087	0
3088	0
3089	0
3090	0
3091	0
3092	0
3093	0
3094	297
3095	6
3096	7
3097	0
3098	7
3099	0
3100	574
3101	6
3102	0
3103	574
3104	574
3105	0
3106	0
3107	0
3108	0
3109	8
3110	0
3111	0
3112	0
3113	0
3114	0
3115	0
3116	574
3117	0
3118	0
3119	0
3120	0
3121	0
3122	0
3123	0
3124	0
3125	6
3126	7
3127	7
3128	0
3129	9
3130	0
3131	0
3132	0
3133	6
3134	0
3135	0
3136	0
3137	0
3138	574
3139	9
3140	4
3141	0
3142	0
3143	574
3144	3
3145	7
3146	0
3147	574
3148	567
3149	574
3150	574
3151	11
3152	6
3153	0
3154	574
3155	0
3156	0
3157	0
3158	0
3159	0
3160	0
3161	0
3162	0
3163	0
3164	574
3165	574
3166	0
3167	6
3168	0
3169	0
3170	6
3171	0
3172	0
3173	574
3174	6
3175	574
3176	574
3177	6
3178	574
3179	574
3180	574
3181	574
3182	574
3183	574
3184	10
3185	574
3186	574
3187	574
3188	574
3189	574
3190	574
3191	11
3192	574
3193	0
3194	0
3195	0
3196	0
3197	0
3198	0
3199	0
3200	0
3201	0
3202	0
3203	0
3204	0
3205	574
3206	574
3207	7
3208	574
3209	10
3210	574
3211	0
3212	0
3213	0
3214	0
3215	0
3216	0
3217	0
3218	0
3219	0
3220	11
3221	0
3222	0
3223	0
3224	6
3225	10
3226	0
3227	11
3228	0
3229	5
3230	0
3231	11
3232	0
3233	0
3234	0
3235	0
3236	0
3237	574
3238	0
3239	9
3240	10
3241	0
3242	0
3243	0
3244	9
3245	0
3246	0
3247	0
3248	419
3249	0
3250	0
3251	5
3252	5
3253	365
3254	3
3255	6
3256	0
3257	5
3258	5
3259	0
3260	7
3261	0
3262	0
3263	0
3264	0
3265	0
3266	0
3267	6
3268	340
3269	574
3270	0
3271	0
3272	0
3273	0
3274	0
3275	0
3276	0
3277	0
3278	0
3279	11
3280	0
3281	0
3282	0
3283	0
3284	0
3285	0
3286	342
3287	0
3288	20
3289	281
3290	0
3291	0
3292	0
3293	10
3294	0
3295	0
3296	348
3297	0
3298	11
3299	11
3300	0
3301	0
3302	0
3303	0
3304	0
3305	0
3306	11
3307	574
3308	394
3309	4
3310	0
3311	0
3312	0
3313	0
3314	8
3315	0
3316	0
3317	10
3318	0
3319	0
3320	0
3321	0
3322	0
3323	0
3324	4
3325	4
3326	0
3327	5
3328	6
3329	567
3330	0
3331	0
3332	0
3333	5
3334	4
3335	0
3336	0
3337	0
3338	0
3339	0
3340	414
3341	574
3342	574
3343	0
3344	574
3345	6
3346	0
3347	0
3348	0
3349	0
3350	10
3351	0
3352	574
3353	0
3354	0
3355	0
3356	0
3357	0
3358	0
3359	0
3360	6
3361	0
3362	0
3363	574
3364	0
3365	6
3366	7
3367	398
3368	0
3369	0
3370	0
3371	0
3372	10
3373	0
3374	574
3375	0
3376	0
3377	11
3378	8
3379	0
3380	0
3381	0
3382	0
3383	0
3384	574
3385	0
3386	0
3387	0
3388	5
3389	6
3390	9
3391	0
3392	0
3393	0
3394	574
3395	574
3396	0
3397	0
3398	0
3399	0
3400	0
3401	0
3402	0
3403	0
3404	574
3405	574
3406	0
3407	7
3408	10
3409	574
3410	0
3411	0
3412	0
3413	0
3414	0
3415	11
3416	5
3417	0
3418	0
3419	0
3420	0
3421	574
3422	574
3423	0
3424	9
3425	5
3426	0
3427	0
3428	0
3429	574
3430	0
3431	0
3432	0
3433	574
3434	2
3435	0
3436	0
3437	0
3438	0
3439	0
3440	9
3441	0
3442	0
3443	568
3444	0
3445	6
3446	0
3447	0
3448	0
3449	0
3450	0
3451	0
3452	11
3453	6
3454	0
3455	0
3456	0
3457	5
3458	0
3459	574
3460	0
3461	574
3462	0
3463	0
3464	0
3465	0
3466	567
3467	0
3468	0
3469	0
3470	0
3471	0
3472	16
3473	0
3474	5
3475	0
3476	0
3477	0
3478	14
3479	0
3480	0
3481	0
3482	5
3483	11
3484	10
3485	0
3486	574
3487	0
3488	0
3489	574
3490	0
3491	0
3492	10
3493	0
3494	0
3495	0
3496	0
3497	574
3498	3
3499	3
3500	6
3501	0
3502	0
3503	0
3504	0
3505	0
3506	0
3507	0
3508	5
3509	5
3510	574
3511	0
3512	0
3513	0
3514	0
3515	574
3516	574
3517	4
3518	574
3519	574
3520	574
3521	574
3522	0
3523	0
3524	0
3525	0
3526	0
3527	0
3528	0
3529	0
3530	0
3531	8
3532	5
3533	0
3534	2
3535	415
3536	11
3537	7
3538	6
3539	6
3540	0
3541	0
3542	0
3543	10
3544	0
3545	0
3546	8
3547	292
3548	3
3549	9
3550	0
3551	9
3552	0
3553	5
3554	0
3555	0
3556	0
3557	574
3558	0
3559	0
3560	0
3561	0
3562	10
3563	0
3564	0
3565	0
3566	0
3567	6
3568	0
3569	0
3570	0
3571	0
3572	9
3573	0
3574	13
3575	11
3576	0
3577	0
3578	567
3579	574
3580	0
3581	574
3582	0
3583	0
3584	574
3585	574
3586	7
3587	0
3588	574
3589	5
3590	6
3591	0
3592	0
3593	0
3594	574
3595	283
3596	574
3597	0
3598	0
3599	11
3600	0
3601	0
3602	0
3603	0
3604	0
3605	0
3606	574
3607	0
3608	0
3609	11
3610	0
3611	574
3612	0
3613	0
3614	0
3615	9
3616	0
3617	5
3618	0
3619	0
3620	5
3621	0
3622	0
3623	0
3624	0
3625	0
3626	0
3627	574
3628	574
3629	0
3630	0
3631	0
3632	0
3633	449
3634	10
3635	0
3636	410
3637	251
3638	0
3639	5
3640	6
3641	0
3642	0
3643	0
3644	0
3645	0
3646	2
3647	0
3648	0
3649	0
3650	0
3651	0
3652	0
3653	0
3654	0
3655	7
3656	574
3657	574
3658	0
3659	0
3660	0
3661	0
3662	0
3663	267
3664	7
3665	0
3666	0
3667	0
3668	7
3669	0
3670	0
3671	0
3672	396
3673	574
3674	0
3675	0
3676	0
3677	0
3678	4
3679	0
3680	0
3681	430
3682	7
3683	10
3684	0
3685	0
3686	0
3687	433
3688	0
3689	0
3690	0
3691	0
3692	16
3693	0
3694	4
3695	4
3696	14
3697	0
3698	0
3699	0
3700	0
3701	0
3702	0
3703	9
3704	7
3705	0
3706	0
3707	9
3708	7
3709	262
3710	10
3711	0
3712	0
3713	0
3714	0
3715	9
3716	574
3717	574
3718	0
3719	265
3720	0
3721	5
3722	0
3723	5
3724	0
3725	227
3726	0
3727	10
3728	0
3729	0
3730	0
3731	0
3732	0
3733	0
3734	5
3735	574
3736	574
3737	0
3738	0
3739	10
3740	10
3741	0
3742	0
3743	574
3744	9
3745	0
3746	0
3747	0
3748	0
3749	0
3750	6
3751	0
3752	0
3753	413
3754	7
3755	0
3756	6
3757	193
3758	0
3759	0
3760	0
3761	0
3762	0
3763	0
3764	0
3765	574
3766	7
3767	6
3768	0
3769	6
3770	6
3771	0
3772	0
3773	430
3774	0
3775	574
3776	574
3777	60
3778	0
3779	574
3780	69
3781	574
3782	574
3783	574
3784	574
3785	574
3786	574
3787	574
3788	574
3789	574
3790	0
3791	0
3792	0
3793	0
3794	574
3795	6
3796	0
3797	0
3798	0
3799	0
3800	6
3801	0
3802	6
3803	4
3804	0
3805	0
3806	277
3807	0
3808	5
3809	9
3810	0
3811	6
3812	0
3813	0
3814	0
3815	4
3816	0
3817	5
3818	9
3819	574
3820	6
3821	15
3822	0
3823	0
3824	0
3825	0
3826	0
3827	9
3828	0
3829	8
3830	0
3831	10
3832	400
3833	6
3834	513
3835	0
3836	0
3837	0
3838	0
3839	0
3840	0
3841	421
3842	0
3843	0
3844	0
3845	0
3846	0
3847	574
3848	572
3849	4
3850	0
3851	0
3852	0
3853	0
3854	0
3855	0
3856	0
3857	0
3858	0
3859	3
3860	0
3861	0
3862	5
3863	0
3864	0
3865	0
3866	0
3867	0
3868	0
3869	574
3870	0
3871	0
3872	7
3873	574
3874	0
3875	0
3876	45
3877	4
3878	7
3879	0
3880	0
3881	398
3882	574
3883	574
3884	0
3885	0
3886	0
3887	574
3888	0
3889	574
3890	6
3891	574
3892	69
3893	0
3894	0
3895	574
3896	574
3897	7
3898	288
3899	0
3900	0
3901	574
3902	0
3903	0
3904	574
3905	0
3906	0
3907	0
3908	0
3909	574
3910	0
3911	0
3912	567
3913	574
3914	4
3915	574
3916	0
3917	0
3918	0
3919	8
3920	0
3921	5
3922	11
3923	0
3924	0
3925	0
3926	0
3927	0
3928	0
3929	9
3930	0
3931	0
3932	0
3933	574
3934	574
3935	0
3936	7
3937	574
3938	0
3939	574
3940	0
3941	4
3942	0
3943	0
3944	4
3945	574
3946	4
3947	0
3948	0
3949	421
3950	18
3951	0
3952	0
3953	0
3954	4
3955	7
3956	0
3957	0
3958	0
3959	574
3960	0
3961	0
3962	574
3963	0
3964	0
3965	0
3966	0
3967	16
3968	0
3969	0
3970	0
3971	0
3972	0
3973	0
3974	5
3975	8
3976	574
3977	574
3978	0
3979	0
3980	0
3981	414
3982	0
3983	0
3984	0
3985	574
3986	7
3987	48
3988	0
3989	0
3990	574
3991	574
3992	0
3993	8
3994	0
3995	0
3996	6
3997	0
3998	0
3999	0
4000	0
4001	0
4002	0
4003	0
4004	3
4005	0
4006	0
4007	0
4008	0
4009	0
4010	574
4011	0
4012	574
4013	0
4014	0
4015	0
4016	0
4017	0
4018	4
4019	0
4020	0
4021	0
4022	8
4023	0
4024	0
4025	0
4026	0
4027	0
4028	7
4029	0
4030	7
4031	0
4032	574
4033	574
4034	5
4035	4
4036	7
4037	0
4038	0
4039	0
4040	0
4041	0
4042	0
4043	8
4044	0
4045	0
4046	574
4047	9
4048	5
4049	5
4050	0
4051	574
4052	0
4053	0
4054	0
4055	574
4056	11
4057	0
4058	0
4059	365
4060	365
4061	0
4062	0
4063	0
4064	0
4065	0
4066	0
4067	0
4068	7
4069	0
4070	0
4071	0
4072	0
4073	0
4074	0
4075	0
4076	0
4077	0
4078	6
4079	4
4080	574
4081	574
4082	569
4083	574
4084	574
4085	574
4086	30
4087	574
4088	574
4089	0
4090	0
4091	0
4092	0
4093	0
4094	0
4095	0
4096	0
4097	0
4098	422
4099	0
4100	0
4101	7
4102	0
4103	0
4104	0
4105	0
4106	0
4107	9
4108	0
4109	9
4110	0
4111	0
4112	574
4113	0
4114	7
4115	0
4116	0
4117	0
4118	0
4119	0
4120	0
4121	0
4122	0
4123	0
4124	4
4125	0
4126	0
4127	0
4128	0
4129	0
4130	7
4131	0
4132	7
4133	4
4134	0
4135	12
4136	0
4137	572
4138	0
4139	0
4140	0
4141	0
4142	0
4143	0
4144	0
4145	574
4146	6
4147	421
4148	6
4149	0
4150	0
4151	0
4152	0
4153	0
4154	0
4155	0
4156	0
4157	0
4158	0
4159	0
4160	6
4161	0
4162	5
4163	0
4164	0
4165	0
4166	0
4167	0
4168	0
4169	0
4170	0
4171	0
4172	574
4173	0
4174	0
4175	18
4176	0
4177	0
4178	0
4179	4
4180	0
4181	5
4182	0
4183	0
4184	574
4185	574
4186	0
4187	574
4188	574
4189	0
4190	0
4191	0
4192	0
4193	0
4194	0
4195	574
4196	0
4197	0
4198	0
4199	574
4200	10
4201	0
4202	405
4203	0
4204	4
4205	574
4206	553
4207	0
4208	3
4209	0
4210	574
4211	8
4212	0
4213	9
4214	0
4215	0
4216	0
4217	0
4218	7
4219	574
4220	5
4221	0
4222	574
4223	5
4224	0
4225	4
4226	0
4227	0
4228	6
4229	0
4230	0
4231	0
4232	0
4233	0
4234	0
4235	574
4236	0
4237	0
4238	574
4239	0
4240	574
4241	0
4242	0
4243	0
4244	0
4245	0
4246	0
4247	0
4248	0
4249	16
4250	0
4251	0
4252	574
4253	0
4254	0
4255	0
4256	0
4257	574
4258	7
4259	6
4260	574
4261	0
4262	0
4263	0
4264	0
4265	7
4266	0
4267	0
4268	0
4269	0
4270	354
4271	0
4272	0
4273	0
4274	0
4275	574
4276	0
4277	574
4278	9
4279	558
4280	0
4281	0
4282	0
4283	0
4284	0
4285	0
4286	0
4287	0
4288	6
4289	0
4290	0
4291	8
4292	0
4293	0
4294	10
4295	0
4296	0
4297	574
4298	0
4299	6
4300	0
4301	0
4302	0
4303	0
4304	0
4305	0
4306	7
4307	6
4308	4
4309	4
4310	16
4311	7
4312	0
4313	0
4314	18
4315	416
4316	7
4317	0
4318	8
4319	5
4320	0
4321	574
4322	0
4323	0
4324	424
4325	574
4326	0
4327	4
4328	0
4329	0
4330	0
4331	574
4332	574
4333	524
4334	574
4335	0
4336	0
4337	0
4338	415
4339	0
4340	0
4341	6
4342	0
4343	0
4344	0
4345	574
4346	0
4347	574
4348	0
4349	574
4350	574
4351	10
4352	0
4353	0
4354	0
4355	0
4356	0
4357	9
4358	0
4359	0
4360	0
4361	0
4362	15
4363	0
4364	501
4365	7
4366	10
4367	0
4368	0
4369	0
4370	0
4371	0
4372	0
4373	0
4374	0
4375	0
4376	5
4377	0
4378	0
4379	0
4380	6
4381	0
4382	9
4383	0
4384	10
4385	574
4386	574
4387	16
4388	574
4389	7
4390	574
4391	567
4392	542
4393	574
4394	574
4395	574
4396	574
4397	574
4398	0
4399	562
4400	0
4401	0
4402	0
4403	4
4404	0
4405	10
4406	6
4407	10
4408	11
4409	574
4410	574
4411	574
4412	574
4413	574
4414	574
4415	574
4416	574
4417	574
4418	0
4419	0
4420	0
4421	0
4422	0
4423	7
4424	0
4425	0
4426	0
4427	0
4428	0
4429	0
4430	574
4431	0
4432	0
4433	0
4434	5
4435	574
4436	0
4437	0
4438	0
4439	0
4440	0
4441	4
4442	6
4443	5
4444	27
4445	0
4446	0
4447	9
4448	10
4449	0
4450	0
4451	5
4452	9
4453	11
4454	0
4455	574
4456	0
4457	9
4458	438
4459	0
4460	574
4461	0
4462	574
4463	0
4464	4
4465	574
4466	0
4467	0
4468	0
4469	6
4470	0
4471	0
4472	0
4473	0
4474	574
4475	0
4476	0
4477	0
4478	18
4479	0
4480	0
4481	0
4482	5
4483	0
4484	0
4485	0
4486	0
4487	0
4488	0
4489	0
4490	398
4491	574
4492	0
4493	0
4494	0
4495	0
4496	567
4497	0
4498	574
4499	574
4500	0
4501	0
4502	0
4503	16
4504	9
4505	574
4506	7
4507	0
4508	0
4509	0
4510	0
4511	0
4512	574
4513	8
4514	0
4515	0
4516	9
4517	266
4518	574
4519	11
4520	5
4521	0
4522	0
4523	0
4524	0
4525	0
4526	0
4527	274
4528	9
4529	0
4530	0
4531	0
4532	0
4533	0
4534	0
4535	0
4536	574
4537	0
4538	271
4539	0
4540	0
4541	0
4542	0
4543	574
4544	0
4545	0
4546	0
4547	0
4548	0
4549	0
4550	9
4551	9
4552	0
4553	0
4554	0
4555	0
4556	574
4557	0
4558	0
4559	0
4560	0
4561	6
4562	574
4563	574
4564	0
4565	0
4566	0
4567	0
4568	0
4569	0
4570	574
4571	0
4572	0
4573	0
4574	0
4575	0
4576	0
4577	574
4578	574
4579	0
4580	9
4581	7
4582	574
4583	4
4584	574
4585	0
4586	0
4587	0
4588	0
4589	0
4590	0
4591	0
4592	0
4593	574
4594	0
4595	0
4596	0
4597	574
4598	0
4599	0
4600	0
4601	5
4602	5
4603	0
4604	574
4605	0
4606	0
4607	0
4608	0
4609	9
4610	0
4611	0
4612	398
4613	574
4614	574
4615	330
4616	0
4617	574
4618	396
4619	5
4620	11
4621	5
4622	0
4623	0
4624	0
4625	0
4626	0
4627	574
4628	0
4629	0
4630	6
4631	0
4632	6
4633	0
4634	0
4635	0
4636	0
4637	0
4638	9
4639	9
4640	0
4641	0
4642	6
4643	5
4644	0
4645	574
4646	574
4647	5
4648	0
4649	0
4650	5
4651	0
4652	0
4653	0
4654	6
4655	0
4656	6
4657	0
4658	0
4659	5
4660	51
4661	7
4662	0
4663	0
4664	0
4665	0
4666	0
4667	0
4668	0
4669	0
4670	0
4671	8
4672	0
4673	0
4674	16
4675	6
4676	0
4677	0
4678	9
4679	0
4680	574
4681	574
4682	9
4683	0
4684	0
4685	0
4686	0
4687	0
4688	0
4689	0
4690	0
4691	0
4692	0
4693	10
4694	0
4695	0
4696	0
4697	7
4698	574
4699	4
4700	574
4701	574
4702	574
4703	574
4704	574
4705	574
4706	574
4707	574
4708	574
4709	5
4710	9
4711	8
4712	4
4713	5
4714	6
4715	7
4716	292
4717	7
4718	13
4719	7
4720	369
4721	3
4722	6
4723	5
4724	10
4725	11
4726	4
4727	399
4728	380
4729	174
4730	4
4731	4
4732	11
4733	7
4734	15
4735	415
4736	4
4737	567
4738	6
4739	8
4740	425
4741	8
4742	4
4743	7
4744	7
4745	5
4746	16
4747	15
4748	4
4749	4
4750	4
4751	5
4752	77
