0	0
1	0
2	0
3	0
4	0
5	0
6	0
7	0
8	0
9	0
10	0
11	0
12	0
13	0
14	0
15	0
16	0
17	297
18	213
19	0
20	0
21	0
22	0
23	0
24	0
25	0
26	0
27	0
28	0
29	3
30	11
31	17
32	18
33	0
34	0
35	0
36	0
37	0
38	0
39	0
40	0
41	7
42	0
43	7
44	0
45	0
46	6
47	10
48	0
49	0
50	0
51	11
52	0
53	584
54	584
55	7
56	8
57	0
58	0
59	0
60	7
61	8
62	0
63	0
64	376
65	0
66	0
67	10
68	0
69	0
70	0
71	584
72	584
73	0
74	0
75	0
76	0
77	0
78	0
79	0
80	0
81	0
82	0
83	0
84	0
85	0
86	0
87	8
88	6
89	0
90	0
91	0
92	0
93	0
94	0
95	0
96	0
97	584
98	0
99	0
100	0
101	0
102	0
103	10
104	0
105	14
106	0
107	3
108	0
109	0
110	0
111	0
112	0
113	0
114	0
115	0
116	10
117	0
118	3
119	0
120	0
121	0
122	0
123	0
124	584
125	9
126	584
127	10
128	0
129	0
130	10
131	584
132	0
133	0
134	0
135	584
136	584
137	0
138	0
139	0
140	584
141	0
142	7
143	0
144	6
145	5
146	0
147	0
148	584
149	584
150	15
151	0
152	0
153	0
154	0
155	7
156	11
157	15
158	0
159	469
160	0
161	0
162	0
163	0
164	0
165	0
166	5
167	0
168	584
169	0
170	0
171	0
172	0
173	0
174	465
175	0
176	11
177	0
178	0
179	0
180	0
181	0
182	0
183	0
184	0
185	0
186	584
187	0
188	0
189	10
190	0
191	0
192	0
193	0
194	584
195	0
196	0
197	0
198	584
199	0
200	0
201	0
202	10
203	0
204	0
205	0
206	0
207	0
208	0
209	6
210	6
211	0
212	0
213	0
214	0
215	0
216	10
217	0
218	12
219	0
220	58
221	0
222	6
223	0
224	0
225	0
226	0
227	584
228	576
229	584
230	584
231	584
232	584
233	584
234	584
235	584
236	584
237	584
238	584
239	0
240	0
241	0
242	0
243	0
244	0
245	0
246	0
247	0
248	0
249	0
250	0
251	8
252	0
253	0
254	0
255	0
256	0
257	0
258	0
259	0
260	0
261	7
262	6
263	16
264	0
265	0
266	0
267	0
268	0
269	0
270	0
271	0
272	0
273	466
274	0
275	16
276	584
277	0
278	0
279	0
280	7
281	6
282	0
283	0
284	0
285	0
286	7
287	576
288	6
289	584
290	0
291	0
292	0
293	0
294	0
295	9
296	6
297	0
298	0
299	0
300	466
301	0
302	0
303	0
304	0
305	0
306	0
307	0
308	0
309	0
310	375
311	0
312	6
313	8
314	0
315	0
316	0
317	0
318	0
319	0
320	0
321	0
322	0
323	0
324	0
325	0
326	0
327	0
328	0
329	7
330	7
331	0
332	584
333	12
334	584
335	11
336	584
337	584
338	584
339	0
340	430
341	0
342	0
343	0
344	0
345	0
346	0
347	0
348	584
349	584
350	465
351	0
352	0
353	0
354	0
355	0
356	8
357	0
358	6
359	584
360	584
361	0
362	0
363	584
364	584
365	584
366	0
367	0
368	0
369	9
370	0
371	584
372	584
373	0
374	0
375	0
376	0
377	0
378	6
379	0
380	0
381	0
382	0
383	0
384	16
385	0
386	0
387	16
388	12
389	11
390	6
391	0
392	0
393	0
394	9
395	6
396	0
397	0
398	584
399	584
400	584
401	584
402	10
403	0
404	0
405	8
406	11
407	10
408	584
409	584
410	2
411	584
412	0
413	0
414	0
415	0
416	584
417	584
418	0
419	0
420	0
421	0
422	0
423	0
424	0
425	7
426	0
427	0
428	0
429	0
430	0
431	0
432	584
433	0
434	0
435	0
436	0
437	11
438	0
439	10
440	7
441	0
442	6
443	0
444	0
445	533
446	8
447	5
448	0
449	584
450	584
451	0
452	0
453	0
454	0
455	9
456	0
457	0
458	584
459	584
460	12
461	0
462	0
463	0
464	0
465	0
466	584
467	40
468	0
469	6
470	0
471	0
472	306
473	0
474	0
475	0
476	5
477	0
478	330
479	17
480	430
481	0
482	584
483	584
484	0
485	0
486	0
487	14
488	10
489	0
490	7
491	584
492	584
493	584
494	584
495	584
496	584
497	584
498	553
499	0
500	0
501	0
502	0
503	0
504	0
505	0
506	7
507	0
508	0
509	0
510	0
511	0
512	0
513	0
514	0
515	0
516	0
517	0
518	4
519	6
520	0
521	0
522	0
523	0
524	0
525	0
526	5
527	0
528	0
529	0
530	0
531	0
532	0
533	7
534	11
535	6
536	0
537	7
538	0
539	0
540	0
541	0
542	0
543	6
544	0
545	7
546	0
547	0
548	7
549	10
550	0
551	0
552	0
553	0
554	0
555	0
556	0
557	7
558	0
559	0
560	0
561	0
562	0
563	0
564	0
565	6
566	0
567	0
568	5
569	0
570	0
571	0
572	0
573	0
574	4
575	0
576	0
577	0
578	584
579	0
580	0
581	0
582	4
583	0
584	0
585	6
586	6
587	9
588	0
589	0
590	0
591	0
592	0
593	0
594	6
595	0
596	9
597	0
598	363
599	0
600	0
601	0
602	0
603	0
604	0
605	11
606	0
607	0
608	0
609	457
610	584
611	0
612	16
613	0
614	0
615	9
616	0
617	0
618	6
619	0
620	0
621	0
622	9
623	0
624	5
625	0
626	0
627	0
628	0
629	10
630	0
631	0
632	0
633	0
634	0
635	0
636	0
637	0
638	0
639	0
640	0
641	0
642	11
643	0
644	0
645	0
646	0
647	6
648	0
649	367
650	0
651	0
652	0
653	0
654	0
655	0
656	0
657	0
658	0
659	9
660	0
661	0
662	0
663	0
664	0
665	0
666	0
667	584
668	584
669	0
670	0
671	0
672	0
673	0
674	0
675	0
676	0
677	0
678	0
679	0
680	0
681	36
682	584
683	584
684	0
685	0
686	0
687	10
688	461
689	0
690	9
691	5
692	7
693	0
694	0
695	0
696	7
697	0
698	0
699	11
700	0
701	0
702	0
703	0
704	0
705	9
706	0
707	584
708	0
709	10
710	0
711	0
712	5
713	0
714	0
715	0
716	584
717	0
718	0
719	114
720	0
721	0
722	0
723	0
724	0
725	0
726	584
727	0
728	7
729	0
730	584
731	584
732	584
733	350
734	0
735	0
736	0
737	0
738	5
739	0
740	4
741	0
742	0
743	462
744	0
745	584
746	584
747	584
748	584
749	584
750	584
751	584
752	0
753	0
754	0
755	0
756	0
757	0
758	0
759	0
760	0
761	0
762	9
763	0
764	9
765	0
766	0
767	7
768	5
769	11
770	8
771	5
772	0
773	50
774	8
775	0
776	0
777	0
778	11
779	8
780	0
781	0
782	0
783	584
784	0
785	0
786	0
787	0
788	424
789	0
790	584
791	0
792	0
793	0
794	0
795	0
796	0
797	0
798	462
799	0
800	0
801	0
802	584
803	0
804	0
805	9
806	0
807	0
808	465
809	0
810	0
811	0
812	0
813	5
814	0
815	0
816	0
817	0
818	454
819	0
820	0
821	0
822	381
823	4
824	286
825	0
826	0
827	0
828	584
829	584
830	0
831	0
832	0
833	0
834	0
835	0
836	0
837	584
838	584
839	584
840	10
841	584
842	10
843	0
844	584
845	584
846	9
847	0
848	584
849	584
850	584
851	6
852	10
853	0
854	0
855	0
856	0
857	584
858	0
859	0
860	0
861	0
862	0
863	0
864	0
865	0
866	0
867	0
868	584
869	334
870	584
871	0
872	0
873	0
874	0
875	0
876	0
877	0
878	0
879	0
880	0
881	10
882	10
883	0
884	0
885	0
886	0
887	0
888	9
889	0
890	0
891	0
892	0
893	0
894	584
895	584
896	584
897	462
898	584
899	572
900	0
901	0
902	0
903	0
904	437
905	0
906	16
907	0
908	0
909	0
910	0
911	0
912	0
913	0
914	0
915	0
916	0
917	0
918	413
919	0
920	0
921	0
922	9
923	0
924	4
925	584
926	5
927	0
928	0
929	7
930	0
931	0
932	0
933	10
934	0
935	0
936	0
937	0
938	0
939	0
940	0
941	584
942	0
943	584
944	0
945	0
946	0
947	584
948	0
949	0
950	0
951	0
952	0
953	584
954	8
955	0
956	6
957	584
958	0
959	7
960	7
961	584
962	584
963	584
964	579
965	584
966	584
967	584
968	584
969	584
970	584
971	584
972	584
973	0
974	0
975	0
976	0
977	0
978	0
979	0
980	0
981	0
982	0
983	0
984	11
985	0
986	5
987	0
988	0
989	0
990	0
991	0
992	0
993	463
994	6
995	3
996	0
997	584
998	0
999	0
1000	281
1001	0
1002	0
1003	0
1004	0
1005	0
1006	0
1007	0
1008	0
1009	0
1010	9
1011	584
1012	0
1013	6
1014	10
1015	0
1016	0
1017	0
1018	0
1019	0
1020	0
1021	0
1022	0
1023	5
1024	0
1025	0
1026	0
1027	0
1028	16
1029	0
1030	0
1031	0
1032	0
1033	0
1034	0
1035	0
1036	0
1037	0
1038	4
1039	0
1040	584
1041	0
1042	0
1043	0
1044	0
1045	5
1046	584
1047	331
1048	0
1049	16
1050	0
1051	0
1052	0
1053	0
1054	0
1055	584
1056	0
1057	0
1058	0
1059	0
1060	0
1061	0
1062	0
1063	7
1064	584
1065	0
1066	0
1067	0
1068	0
1069	0
1070	0
1071	0
1072	584
1073	0
1074	0
1075	0
1076	0
1077	579
1078	0
1079	0
1080	458
1081	0
1082	10
1083	470
1084	0
1085	10
1086	0
1087	0
1088	7
1089	0
1090	2
1091	10
1092	584
1093	0
1094	0
1095	0
1096	197
1097	0
1098	7
1099	0
1100	0
1101	584
1102	6
1103	0
1104	0
1105	7
1106	0
1107	0
1108	0
1109	0
1110	0
1111	0
1112	0
1113	6
1114	6
1115	584
1116	584
1117	12
1118	0
1119	0
1120	0
1121	0
1122	0
1123	0
1124	0
1125	8
1126	10
1127	0
1128	0
1129	6
1130	6
1131	0
1132	12
1133	0
1134	0
1135	0
1136	0
1137	0
1138	0
1139	584
1140	0
1141	0
1142	6
1143	0
1144	486
1145	584
1146	3
1147	584
1148	584
1149	584
1150	584
1151	584
1152	584
1153	5
1154	0
1155	0
1156	0
1157	0
1158	584
1159	8
1160	0
1161	0
1162	0
1163	4
1164	584
1165	8
1166	0
1167	0
1168	584
1169	0
1170	0
1171	0
1172	0
1173	0
1174	0
1175	0
1176	0
1177	0
1178	0
1179	0
1180	0
1181	0
1182	0
1183	0
1184	584
1185	584
1186	584
1187	581
1188	0
1189	0
1190	0
1191	0
1192	0
1193	0
1194	0
1195	0
1196	0
1197	0
1198	0
1199	0
1200	0
1201	0
1202	0
1203	0
1204	0
1205	0
1206	0
1207	0
1208	6
1209	0
1210	0
1211	0
1212	465
1213	7
1214	0
1215	584
1216	584
1217	5
1218	584
1219	584
1220	584
1221	8
1222	5
1223	584
1224	584
1225	0
1226	0
1227	0
1228	12
1229	584
1230	584
1231	584
1232	584
1233	12
1234	0
1235	0
1236	0
1237	0
1238	0
1239	0
1240	0
1241	0
1242	0
1243	0
1244	0
1245	0
1246	0
1247	0
1248	0
1249	0
1250	0
1251	0
1252	6
1253	0
1254	0
1255	0
1256	16
1257	10
1258	0
1259	0
1260	0
1261	0
1262	0
1263	0
1264	0
1265	465
1266	0
1267	0
1268	0
1269	0
1270	0
1271	0
1272	0
1273	17
1274	0
1275	371
1276	0
1277	0
1278	0
1279	0
1280	11
1281	4
1282	0
1283	7
1284	0
1285	0
1286	0
1287	584
1288	0
1289	0
1290	16
1291	0
1292	0
1293	577
1294	6
1295	0
1296	7
1297	0
1298	0
1299	0
1300	0
1301	0
1302	0
1303	584
1304	0
1305	0
1306	7
1307	0
1308	0
1309	0
1310	0
1311	350
1312	576
1313	0
1314	7
1315	0
1316	584
1317	7
1318	0
1319	0
1320	0
1321	0
1322	0
1323	0
1324	0
1325	0
1326	10
1327	7
1328	0
1329	0
1330	328
1331	0
1332	584
1333	0
1334	0
1335	0
1336	0
1337	0
1338	0
1339	0
1340	0
1341	584
1342	0
1343	0
1344	0
1345	0
1346	0
1347	490
1348	0
1349	584
1350	11
1351	11
1352	0
1353	584
1354	0
1355	0
1356	584
1357	584
1358	584
1359	584
1360	0
1361	0
1362	0
1363	0
1364	0
1365	0
1366	0
1367	2
1368	0
1369	584
1370	584
1371	0
1372	0
1373	0
1374	0
1375	10
1376	584
1377	0
1378	0
1379	0
1380	476
1381	0
1382	7
1383	0
1384	0
1385	0
1386	7
1387	0
1388	0
1389	576
1390	7
1391	0
1392	0
1393	584
1394	0
1395	0
1396	0
1397	0
1398	0
1399	0
1400	462
1401	7
1402	43
1403	0
1404	0
1405	7
1406	0
1407	0
1408	0
1409	0
1410	0
1411	0
1412	0
1413	584
1414	0
1415	9
1416	4
1417	0
1418	2
1419	0
1420	0
1421	0
1422	0
1423	0
1424	0
1425	0
1426	584
1427	0
1428	584
1429	0
1430	0
1431	0
1432	0
1433	0
1434	0
1435	0
1436	0
1437	0
1438	584
1439	7
1440	0
1441	0
1442	7
1443	0
1444	0
1445	0
1446	584
1447	4
1448	4
1449	0
1450	584
1451	584
1452	584
1453	7
1454	584
1455	584
1456	584
1457	584
1458	584
1459	584
1460	584
1461	584
1462	584
1463	584
1464	0
1465	0
1466	0
1467	0
1468	0
1469	0
1470	0
1471	0
1472	0
1473	0
1474	0
1475	0
1476	0
1477	0
1478	0
1479	0
1480	0
1481	0
1482	0
1483	0
1484	5
1485	0
1486	0
1487	0
1488	0
1489	0
1490	0
1491	0
1492	0
1493	0
1494	7
1495	0
1496	0
1497	0
1498	0
1499	7
1500	0
1501	0
1502	0
1503	0
1504	584
1505	0
1506	0
1507	0
1508	0
1509	0
1510	584
1511	9
1512	5
1513	8
1514	0
1515	0
1516	0
1517	0
1518	7
1519	0
1520	584
1521	0
1522	0
1523	584
1524	0
1525	0
1526	0
1527	0
1528	0
1529	0
1530	584
1531	0
1532	6
1533	3
1534	0
1535	0
1536	0
1537	0
1538	0
1539	0
1540	0
1541	0
1542	0
1543	0
1544	273
1545	584
1546	0
1547	0
1548	0
1549	6
1550	0
1551	0
1552	584
1553	0
1554	0
1555	0
1556	465
1557	6
1558	6
1559	0
1560	0
1561	11
1562	7
1563	0
1564	584
1565	0
1566	584
1567	579
1568	584
1569	5
1570	584
1571	584
1572	584
1573	0
1574	6
1575	0
1576	0
1577	584
1578	5
1579	0
1580	584
1581	0
1582	0
1583	0
1584	579
1585	6
1586	0
1587	0
1588	9
1589	0
1590	421
1591	0
1592	0
1593	7
1594	0
1595	584
1596	0
1597	0
1598	0
1599	0
1600	584
1601	25
1602	0
1603	0
1604	8
1605	465
1606	4
1607	9
1608	10
1609	0
1610	0
1611	0
1612	0
1613	0
1614	0
1615	0
1616	0
1617	584
1618	0
1619	4
1620	0
1621	0
1622	584
1623	584
1624	0
1625	0
1626	584
1627	584
1628	17
1629	0
1630	0
1631	584
1632	584
1633	14
1634	0
1635	584
1636	584
1637	122
1638	4
1639	6
1640	9
1641	0
1642	0
1643	584
1644	0
1645	584
1646	6
1647	469
1648	292
1649	584
1650	10
1651	9
1652	0
1653	0
1654	0
1655	584
1656	0
1657	0
1658	10
1659	0
1660	0
1661	0
1662	0
1663	0
1664	0
1665	0
1666	0
1667	0
1668	0
1669	0
1670	0
1671	0
1672	0
1673	10
1674	358
1675	9
1676	0
1677	12
1678	12
1679	0
1680	9
1681	4
1682	5
1683	10
1684	10
1685	0
1686	584
1687	11
1688	7
1689	0
1690	0
1691	0
1692	0
1693	0
1694	0
1695	0
1696	0
1697	0
1698	4
1699	10
1700	0
1701	0
1702	0
1703	0
1704	464
1705	584
1706	6
1707	0
1708	4
1709	4
1710	584
1711	0
1712	0
1713	0
1714	0
1715	0
1716	0
1717	0
1718	584
1719	5
1720	0
1721	7
1722	8
1723	584
1724	9
1725	0
1726	0
1727	0
1728	0
1729	0
1730	0
1731	584
1732	5
1733	17
1734	584
1735	584
1736	584
1737	584
1738	584
1739	584
1740	584
1741	584
1742	584
1743	584
1744	584
1745	584
1746	584
1747	0
1748	0
1749	9
1750	5
1751	7
1752	6
1753	7
1754	2
1755	0
1756	0
1757	0
1758	0
1759	9
1760	0
1761	0
1762	6
1763	0
1764	0
1765	0
1766	0
1767	5
1768	0
1769	0
1770	0
1771	0
1772	0
1773	467
1774	584
1775	0
1776	0
1777	0
1778	0
1779	0
1780	0
1781	0
1782	462
1783	0
1784	0
1785	0
1786	0
1787	0
1788	10
1789	5
1790	0
1791	0
1792	330
1793	5
1794	0
1795	6
1796	584
1797	7
1798	0
1799	0
1800	584
1801	0
1802	0
1803	574
1804	0
1805	0
1806	0
1807	0
1808	0
1809	0
1810	3
1811	5
1812	0
1813	10
1814	0
1815	584
1816	584
1817	584
1818	584
1819	0
1820	584
1821	3
1822	0
1823	0
1824	0
1825	0
1826	0
1827	0
1828	9
1829	0
1830	0
1831	584
1832	584
1833	0
1834	0
1835	0
1836	0
1837	6
1838	0
1839	0
1840	0
1841	0
1842	584
1843	0
1844	0
1845	0
1846	0
1847	9
1848	0
1849	0
1850	0
1851	584
1852	6
1853	0
1854	0
1855	0
1856	0
1857	0
1858	0
1859	0
1860	584
1861	0
1862	0
1863	0
1864	0
1865	0
1866	0
1867	0
1868	0
1869	0
1870	0
1871	0
1872	7
1873	0
1874	4
1875	0
1876	0
1877	7
1878	9
1879	0
1880	0
1881	10
1882	7
1883	0
1884	584
1885	584
1886	584
1887	0
1888	584
1889	6
1890	0
1891	584
1892	0
1893	0
1894	6
1895	0
1896	584
1897	0
1898	584
1899	10
1900	6
1901	0
1902	0
1903	0
1904	0
1905	8
1906	0
1907	0
1908	0
1909	0
1910	0
1911	0
1912	0
1913	0
1914	0
1915	0
1916	0
1917	0
1918	0
1919	6
1920	5
1921	0
1922	5
1923	0
1924	0
1925	0
1926	7
1927	7
1928	8
1929	0
1930	584
1931	584
1932	584
1933	584
1934	584
1935	584
1936	0
1937	0
1938	0
1939	0
1940	0
1941	0
1942	0
1943	8
1944	6
1945	0
1946	584
1947	0
1948	0
1949	0
1950	0
1951	0
1952	0
1953	0
1954	0
1955	0
1956	10
1957	11
1958	0
1959	571
1960	0
1961	0
1962	6
1963	0
1964	0
1965	0
1966	0
1967	0
1968	0
1969	0
1970	0
1971	0
1972	584
1973	584
1974	584
1975	584
1976	0
1977	0
1978	0
1979	0
1980	0
1981	9
1982	9
1983	9
1984	10
1985	584
1986	0
1987	5
1988	0
1989	2
1990	6
1991	584
1992	0
1993	584
1994	10
1995	584
1996	584
1997	345
1998	584
1999	584
2000	584
2001	0
2002	0
2003	0
2004	0
2005	0
2006	0
2007	0
2008	0
2009	0
2010	0
2011	0
2012	0
2013	0
2014	6
2015	18
2016	0
2017	0
2018	0
2019	0
2020	0
2021	0
2022	0
2023	0
2024	0
2025	0
2026	0
2027	0
2028	3
2029	10
2030	0
2031	0
2032	0
2033	9
2034	0
2035	0
2036	0
2037	0
2038	12
2039	9
2040	8
2041	0
2042	0
2043	0
2044	350
2045	9
2046	0
2047	0
2048	0
2049	0
2050	0
2051	0
2052	5
2053	0
2054	0
2055	0
2056	7
2057	0
2058	0
2059	7
2060	0
2061	7
2062	358
2063	0
2064	0
2065	0
2066	0
2067	5
2068	0
2069	519
2070	0
2071	3
2072	6
2073	584
2074	5
2075	0
2076	584
2077	0
2078	0
2079	0
2080	0
2081	11
2082	0
2083	584
2084	0
2085	0
2086	2
2087	0
2088	9
2089	6
2090	584
2091	8
2092	8
2093	0
2094	0
2095	584
2096	584
2097	5
2098	0
2099	0
2100	584
2101	0
2102	584
2103	584
2104	6
2105	0
2106	11
2107	7
2108	584
2109	0
2110	0
2111	0
2112	0
2113	0
2114	584
2115	584
2116	0
2117	0
2118	0
2119	0
2120	0
2121	0
2122	0
2123	0
2124	584
2125	4
2126	0
2127	0
2128	0
2129	0
2130	584
2131	0
2132	7
2133	0
2134	0
2135	0
2136	0
2137	0
2138	0
2139	0
2140	584
2141	584
2142	0
2143	0
2144	358
2145	0
2146	0
2147	4
2148	4
2149	8
2150	0
2151	0
2152	0
2153	0
2154	584
2155	0
2156	584
2157	0
2158	0
2159	584
2160	0
2161	0
2162	7
2163	5
2164	0
2165	6
2166	443
2167	0
2168	14
2169	0
2170	0
2171	0
2172	0
2173	0
2174	466
2175	9
2176	0
2177	584
2178	584
2179	5
2180	0
2181	0
2182	0
2183	584
2184	0
2185	0
2186	0
2187	0
2188	0
2189	0
2190	0
2191	0
2192	0
2193	0
2194	0
2195	0
2196	0
2197	4
2198	6
2199	11
2200	0
2201	433
2202	7
2203	0
2204	0
2205	5
2206	8
2207	0
2208	584
2209	0
2210	584
2211	579
2212	584
2213	584
2214	584
2215	584
2216	578
2217	584
2218	584
2219	584
2220	584
2221	0
2222	0
2223	7
2224	0
2225	0
2226	4
2227	0
2228	0
2229	0
2230	11
2231	8
2232	0
2233	0
2234	0
2235	0
2236	0
2237	0
2238	0
2239	0
2240	0
2241	0
2242	0
2243	584
2244	584
2245	5
2246	0
2247	0
2248	584
2249	0
2250	10
2251	0
2252	457
2253	0
2254	0
2255	4
2256	0
2257	584
2258	9
2259	8
2260	584
2261	584
2262	0
2263	0
2264	0
2265	0
2266	0
2267	0
2268	0
2269	7
2270	0
2271	0
2272	0
2273	0
2274	7
2275	584
2276	584
2277	584
2278	584
2279	584
2280	584
2281	584
2282	0
2283	0
2284	0
2285	0
2286	0
2287	0
2288	4
2289	0
2290	7
2291	0
2292	7
2293	11
2294	0
2295	0
2296	0
2297	0
2298	0
2299	0
2300	0
2301	0
2302	0
2303	0
2304	0
2305	0
2306	0
2307	3
2308	9
2309	0
2310	280
2311	0
2312	7
2313	0
2314	0
2315	10
2316	9
2317	0
2318	0
2319	0
2320	6
2321	584
2322	0
2323	7
2324	0
2325	0
2326	0
2327	0
2328	0
2329	0
2330	0
2331	0
2332	0
2333	584
2334	0
2335	0
2336	330
2337	5
2338	0
2339	0
2340	0
2341	584
2342	10
2343	0
2344	10
2345	376
2346	0
2347	0
2348	584
2349	584
2350	10
2351	9
2352	0
2353	0
2354	584
2355	584
2356	0
2357	0
2358	0
2359	0
2360	584
2361	0
2362	217
2363	584
2364	0
2365	0
2366	0
2367	0
2368	0
2369	0
2370	0
2371	0
2372	0
2373	584
2374	584
2375	584
2376	4
2377	9
2378	584
2379	4
2380	0
2381	0
2382	0
2383	0
2384	11
2385	9
2386	0
2387	0
2388	0
2389	0
2390	0
2391	0
2392	0
2393	5
2394	0
2395	0
2396	0
2397	0
2398	6
2399	5
2400	0
2401	0
2402	0
2403	10
2404	9
2405	0
2406	0
2407	0
2408	489
2409	0
2410	584
2411	0
2412	0
2413	0
2414	0
2415	0
2416	0
2417	9
2418	0
2419	6
2420	584
2421	0
2422	0
2423	0
2424	0
2425	584
2426	7
2427	0
2428	0
2429	0
2430	584
2431	0
2432	584
2433	0
2434	0
2435	0
2436	0
2437	0
2438	0
2439	584
2440	584
2441	12
2442	0
2443	0
2444	0
2445	0
2446	0
2447	0
2448	9
2449	0
2450	584
2451	584
2452	0
2453	0
2454	0
2455	0
2456	6
2457	0
2458	0
2459	0
2460	0
2461	584
2462	10
2463	14
2464	0
2465	0
2466	0
2467	584
2468	0
2469	0
2470	0
2471	0
2472	0
2473	0
2474	0
2475	0
2476	0
2477	12
2478	5
2479	6
2480	554
2481	0
2482	7
2483	0
2484	0
2485	0
2486	0
2487	14
2488	7
2489	584
2490	584
2491	584
2492	584
2493	584
2494	9
2495	584
2496	584
2497	0
2498	0
2499	0
2500	0
2501	0
2502	0
2503	0
2504	0
2505	0
2506	0
2507	0
2508	0
2509	0
2510	0
2511	0
2512	0
2513	0
2514	0
2515	0
2516	0
2517	7
2518	0
2519	0
2520	584
2521	0
2522	0
2523	10
2524	0
2525	0
2526	0
2527	16
2528	0
2529	5
2530	0
2531	0
2532	584
2533	0
2534	0
2535	16
2536	0
2537	0
2538	0
2539	584
2540	0
2541	0
2542	584
2543	0
2544	584
2545	584
2546	0
2547	0
2548	0
2549	0
2550	0
2551	0
2552	0
2553	0
2554	0
2555	0
2556	0
2557	584
2558	11
2559	584
2560	584
2561	584
2562	584
2563	584
2564	584
2565	584
2566	584
2567	584
2568	0
2569	4
2570	0
2571	0
2572	0
2573	0
2574	0
2575	5
2576	0
2577	0
2578	0
2579	0
2580	0
2581	6
2582	0
2583	0
2584	4
2585	0
2586	465
2587	0
2588	0
2589	0
2590	10
2591	9
2592	0
2593	9
2594	0
2595	0
2596	0
2597	0
2598	584
2599	5
2600	0
2601	584
2602	9
2603	584
2604	0
2605	0
2606	0
2607	0
2608	6
2609	350
2610	584
2611	0
2612	0
2613	0
2614	0
2615	0
2616	0
2617	0
2618	467
2619	0
2620	0
2621	584
2622	0
2623	584
2624	4
2625	0
2626	9
2627	584
2628	7
2629	9
2630	0
2631	0
2632	0
2633	6
2634	0
2635	2
2636	0
2637	584
2638	16
2639	465
2640	10
2641	584
2642	584
2643	0
2644	0
2645	0
2646	0
2647	0
2648	0
2649	0
2650	0
2651	584
2652	0
2653	0
2654	0
2655	0
2656	9
2657	0
2658	0
2659	584
2660	584
2661	584
2662	584
2663	0
2664	0
2665	0
2666	584
2667	9
2668	0
2669	0
2670	0
2671	0
2672	0
2673	0
2674	0
2675	0
2676	7
2677	0
2678	0
2679	0
2680	0
2681	10
2682	0
2683	0
2684	10
2685	6
2686	7
2687	7
2688	0
2689	0
2690	0
2691	0
2692	0
2693	584
2694	0
2695	584
2696	0
2697	6
2698	584
2699	5
2700	4
2701	4
2702	6
2703	0
2704	584
2705	584
2706	584
2707	0
2708	0
2709	10
2710	0
2711	584
2712	0
2713	584
2714	0
2715	0
2716	584
2717	0
2718	0
2719	584
2720	584
2721	16
2722	0
2723	0
2724	10
2725	584
2726	0
2727	0
2728	0
2729	0
2730	7
2731	344
2732	0
2733	0
2734	7
2735	6
2736	584
2737	0
2738	0
2739	0
2740	0
2741	0
2742	0
2743	584
2744	584
2745	0
2746	0
2747	7
2748	0
2749	5
2750	0
2751	0
2752	0
2753	10
2754	0
2755	0
2756	584
2757	2
2758	0
2759	0
2760	584
2761	584
2762	0
2763	0
2764	0
2765	0
2766	0
2767	0
2768	0
2769	0
2770	0
2771	0
2772	0
2773	0
2774	0
2775	0
2776	0
2777	0
2778	0
2779	6
2780	0
2781	0
2782	584
2783	0
2784	0
2785	584
2786	584
2787	584
2788	0
2789	0
2790	584
2791	0
2792	0
2793	0
2794	584
2795	0
2796	0
2797	7
2798	0
2799	0
2800	584
2801	0
2802	6
2803	584
2804	0
2805	0
2806	0
2807	11
2808	7
2809	584
2810	584
2811	584
2812	584
2813	584
2814	584
2815	584
2816	0
2817	0
2818	0
2819	0
2820	0
2821	0
2822	6
2823	0
2824	0
2825	0
2826	0
2827	5
2828	461
2829	0
2830	0
2831	10
2832	0
2833	0
2834	0
2835	0
2836	0
2837	11
2838	0
2839	0
2840	0
2841	12
2842	5
2843	0
2844	584
2845	6
2846	0
2847	0
2848	0
2849	0
2850	0
2851	0
2852	0
2853	0
2854	0
2855	0
2856	0
2857	0
2858	0
2859	467
2860	584
2861	0
2862	0
2863	10
2864	0
2865	10
2866	0
2867	14
2868	0
2869	0
2870	0
2871	0
2872	0
2873	16
2874	0
2875	0
2876	579
2877	0
2878	10
2879	329
2880	11
2881	11
2882	584
2883	0
2884	0
2885	11
2886	3
2887	0
2888	0
2889	6
2890	4
2891	0
2892	0
2893	0
2894	0
2895	0
2896	0
2897	14
2898	0
2899	0
2900	0
2901	0
2902	0
2903	12
2904	0
2905	0
2906	4
2907	0
2908	0
2909	584
2910	0
2911	0
2912	81
2913	7
2914	0
2915	0
2916	4
2917	447
2918	0
2919	584
2920	10
2921	0
2922	0
2923	0
2924	0
2925	0
2926	0
2927	0
2928	0
2929	0
2930	0
2931	584
2932	0
2933	0
2934	16
2935	0
2936	0
2937	0
2938	0
2939	0
2940	0
2941	7
2942	0
2943	0
2944	0
2945	5
2946	0
2947	584
2948	584
2949	584
2950	7
2951	584
2952	0
2953	0
2954	20
2955	0
2956	0
2957	4
2958	0
2959	584
2960	12
2961	0
2962	0
2963	0
2964	0
2965	0
2966	0
2967	0
2968	0
2969	0
2970	6
2971	7
2972	0
2973	2
2974	0
2975	0
2976	0
2977	0
2978	0
2979	584
2980	6
2981	0
2982	584
2983	0
2984	8
2985	8
2986	0
2987	0
2988	0
2989	9
2990	0
2991	584
2992	2
2993	0
2994	584
2995	3
2996	0
2997	0
2998	0
2999	0
3000	0
3001	0
3002	0
3003	0
3004	584
3005	0
3006	0
3007	0
3008	0
3009	10
3010	0
3011	0
3012	0
3013	584
3014	15
3015	412
3016	0
3017	0
3018	0
3019	3
3020	0
3021	7
3022	0
3023	0
3024	0
3025	0
3026	0
3027	0
3028	0
3029	0
3030	584
3031	0
3032	0
3033	0
3034	0
3035	0
3036	0
3037	10
3038	0
3039	0
3040	0
3041	114
3042	0
3043	0
3044	0
3045	584
3046	10
3047	0
3048	0
3049	8
3050	0
3051	584
3052	0
3053	0
3054	0
3055	0
3056	0
3057	5
3058	584
3059	0
3060	0
3061	0
3062	584
3063	16
3064	584
3065	584
3066	584
3067	584
3068	584
3069	104
3070	584
3071	584
3072	0
3073	0
3074	0
3075	0
3076	0
3077	0
3078	0
3079	0
3080	0
3081	9
3082	6
3083	0
3084	0
3085	0
3086	0
3087	0
3088	6
3089	0
3090	584
3091	6
3092	0
3093	6
3094	0
3095	0
3096	0
3097	3
3098	6
3099	11
3100	0
3101	0
3102	0
3103	0
3104	0
3105	0
3106	0
3107	0
3108	0
3109	10
3110	0
3111	0
3112	0
3113	8
3114	16
3115	584
3116	8
3117	25
3118	0
3119	0
3120	584
3121	584
3122	0
3123	0
3124	584
3125	7
3126	584
3127	0
3128	0
3129	7
3130	0
3131	0
3132	584
3133	0
3134	0
3135	4
3136	0
3137	396
3138	0
3139	584
3140	0
3141	0
3142	10
3143	11
3144	0
3145	0
3146	0
3147	0
3148	0
3149	584
3150	7
3151	0
3152	424
3153	0
3154	584
3155	73
3156	12
3157	584
3158	0
3159	10
3160	0
3161	0
3162	0
3163	584
3164	0
3165	0
3166	0
3167	0
3168	0
3169	0
3170	0
3171	0
3172	0
3173	0
3174	584
3175	0
3176	0
3177	4
3178	584
3179	0
3180	0
3181	0
3182	554
3183	48
3184	0
3185	584
3186	0
3187	0
3188	0
3189	7
3190	7
3191	2
3192	0
3193	0
3194	0
3195	0
3196	0
3197	0
3198	0
3199	0
3200	0
3201	427
3202	0
3203	0
3204	0
3205	0
3206	0
3207	0
3208	0
3209	0
3210	8
3211	9
3212	584
3213	0
3214	0
3215	0
3216	6
3217	0
3218	8
3219	0
3220	0
3221	76
3222	0
3223	584
3224	0
3225	0
3226	0
3227	584
3228	10
3229	467
3230	7
3231	0
3232	0
3233	9
3234	17
3235	0
3236	0
3237	0
3238	584
3239	0
3240	0
3241	0
3242	32
3243	0
3244	0
3245	8
3246	0
3247	8
3248	584
3249	8
3250	0
3251	0
3252	584
3253	5
3254	0
3255	11
3256	0
3257	0
3258	0
3259	0
3260	0
3261	0
3262	584
3263	0
3264	0
3265	8
3266	584
3267	0
3268	0
3269	0
3270	0
3271	0
3272	0
3273	584
3274	584
3275	584
3276	584
3277	584
3278	7
3279	0
3280	0
3281	0
3282	0
3283	0
3284	18
3285	0
3286	0
3287	0
3288	9
3289	7
3290	0
3291	9
3292	0
3293	0
3294	584
3295	117
3296	0
3297	1
3298	0
3299	0
3300	0
3301	0
3302	7
3303	584
3304	0
3305	0
3306	0
3307	0
3308	10
3309	0
3310	0
3311	8
3312	465
3313	584
3314	9
3315	0
3316	0
3317	584
3318	584
3319	584
3320	584
3321	584
3322	584
3323	584
3324	584
3325	0
3326	0
3327	0
3328	0
3329	0
3330	0
3331	584
3332	4
3333	0
3334	0
3335	0
3336	7
3337	9
3338	0
3339	0
3340	7
3341	0
3342	4
3343	10
3344	10
3345	6
3346	6
3347	17
3348	0
3349	0
3350	16
3351	0
3352	0
3353	0
3354	0
3355	0
3356	0
3357	584
3358	0
3359	0
3360	0
3361	7
3362	0
3363	584
3364	0
3365	0
3366	334
3367	0
3368	584
3369	9
3370	6
3371	9
3372	15
3373	0
3374	0
3375	0
3376	0
3377	0
3378	0
3379	0
3380	0
3381	0
3382	0
3383	5
3384	8
3385	0
3386	0
3387	6
3388	11
3389	0
3390	0
3391	0
3392	0
3393	576
3394	10
3395	5
3396	0
3397	376
3398	584
3399	7
3400	0
3401	8
3402	8
3403	4
3404	0
3405	0
3406	584
3407	6
3408	0
3409	584
3410	584
3411	584
3412	584
3413	7
3414	584
3415	450
3416	6
3417	7
3418	584
3419	584
3420	0
3421	584
3422	0
3423	0
3424	0
3425	584
3426	584
3427	0
3428	0
3429	0
3430	0
3431	0
3432	584
3433	7
3434	0
3435	0
3436	584
3437	0
3438	0
3439	0
3440	584
3441	0
3442	0
3443	584
3444	584
3445	0
3446	0
3447	6
3448	0
3449	584
3450	5
3451	584
3452	0
3453	584
3454	9
3455	9
3456	0
3457	0
3458	0
3459	0
3460	0
3461	0
3462	6
3463	0
3464	0
3465	584
3466	0
3467	584
3468	5
3469	0
3470	584
3471	0
3472	0
3473	14
3474	334
3475	0
3476	0
3477	0
3478	5
3479	0
3480	0
3481	0
3482	0
3483	0
3484	0
3485	0
3486	0
3487	5
3488	0
3489	11
3490	6
3491	0
3492	0
3493	9
3494	0
3495	10
3496	0
3497	9
3498	584
3499	350
3500	2
3501	584
3502	584
3503	584
3504	584
3505	584
3506	584
3507	584
3508	584
3509	584
3510	0
3511	584
3512	0
3513	0
3514	0
3515	0
3516	0
3517	0
3518	0
3519	7
3520	0
3521	0
3522	0
3523	0
3524	0
3525	0
3526	0
3527	0
3528	0
3529	0
3530	0
3531	584
3532	0
3533	0
3534	0
3535	0
3536	0
3537	584
3538	584
3539	5
3540	0
3541	0
3542	0
3543	0
3544	584
3545	0
3546	0
3547	0
3548	6
3549	0
3550	584
3551	584
3552	0
3553	0
3554	0
3555	5
3556	9
3557	0
3558	0
3559	0
3560	0
3561	0
3562	0
3563	0
3564	0
3565	0
3566	9
3567	0
3568	0
3569	0
3570	0
3571	7
3572	0
3573	0
3574	0
3575	0
3576	0
3577	0
3578	0
3579	0
3580	0
3581	0
3582	0
3583	584
3584	7
3585	584
3586	584
3587	0
3588	0
3589	0
3590	0
3591	6
3592	584
3593	0
3594	0
3595	6
3596	584
3597	584
3598	584
3599	0
3600	0
3601	0
3602	0
3603	0
3604	0
3605	0
3606	0
3607	0
3608	0
3609	0
3610	0
3611	0
3612	0
3613	0
3614	0
3615	458
3616	0
3617	9
3618	0
3619	10
3620	0
3621	0
3622	0
3623	0
3624	0
3625	0
3626	0
3627	0
3628	9
3629	0
3630	0
3631	0
3632	547
3633	12
3634	0
3635	0
3636	0
3637	0
3638	0
3639	0
3640	9
3641	0
3642	0
3643	12
3644	9
3645	0
3646	18
3647	0
3648	6
3649	0
3650	0
3651	0
3652	0
3653	0
3654	0
3655	0
3656	0
3657	584
3658	4
3659	6
3660	0
3661	0
3662	0
3663	0
3664	0
3665	0
3666	0
3667	0
3668	6
3669	0
3670	0
3671	0
3672	0
3673	0
3674	0
3675	0
3676	0
3677	11
3678	0
3679	584
3680	8
3681	0
3682	4
3683	4
3684	584
3685	584
3686	573
3687	0
3688	0
3689	0
3690	0
3691	0
3692	0
3693	0
3694	0
3695	576
3696	584
3697	0
3698	0
3699	0
3700	584
3701	0
3702	0
3703	10
3704	0
3705	4
3706	0
3707	584
3708	584
3709	0
3710	584
3711	584
3712	0
3713	0
3714	0
3715	584
3716	12
3717	0
3718	0
3719	0
3720	5
3721	584
3722	0
3723	7
3724	0
3725	0
3726	331
3727	0
3728	0
3729	0
3730	6
3731	0
3732	0
3733	584
3734	584
3735	6
3736	0
3737	0
3738	0
3739	0
3740	0
3741	0
3742	20
3743	0
3744	0
3745	0
3746	584
3747	0
3748	17
3749	0
3750	584
3751	7
3752	10
3753	0
3754	10
3755	584
3756	584
3757	0
3758	0
3759	0
3760	0
3761	0
3762	10
3763	285
3764	0
3765	0
3766	0
3767	0
3768	584
3769	584
3770	7
3771	6
3772	7
3773	0
3774	0
3775	584
3776	0
3777	9
3778	0
3779	584
3780	584
3781	584
3782	406
3783	0
3784	0
3785	0
3786	0
3787	0
3788	0
3789	0
3790	584
3791	0
3792	0
3793	0
3794	0
3795	0
3796	584
3797	0
3798	460
3799	0
3800	5
3801	576
3802	4
3803	0
3804	7
3805	18
3806	10
3807	0
3808	0
3809	584
3810	0
3811	4
3812	0
3813	0
3814	0
3815	0
3816	584
3817	584
3818	584
3819	15
3820	0
3821	6
3822	0
3823	0
3824	7
3825	0
3826	0
3827	0
3828	0
3829	0
3830	0
3831	363
3832	584
3833	584
3834	584
3835	584
3836	584
3837	584
3838	584
3839	584
3840	0
3841	0
3842	0
3843	0
3844	0
3845	7
3846	12
3847	0
3848	584
3849	10
3850	0
3851	0
3852	0
3853	0
3854	584
3855	0
3856	0
3857	0
3858	11
3859	0
3860	0
3861	584
3862	491
3863	11
3864	584
3865	0
3866	0
3867	0
3868	0
3869	0
3870	0
3871	0
3872	584
3873	0
3874	0
3875	0
3876	0
3877	0
3878	0
3879	0
3880	0
3881	4
3882	584
3883	4
3884	240
3885	584
3886	584
3887	584
3888	584
3889	584
3890	584
3891	584
3892	584
3893	584
3894	0
3895	0
3896	0
3897	0
3898	0
3899	0
3900	0
3901	0
3902	0
3903	0
3904	0
3905	7
3906	81
3907	0
3908	0
3909	11
3910	0
3911	0
3912	11
3913	0
3914	10
3915	0
3916	10
3917	0
3918	0
3919	9
3920	0
3921	6
3922	584
3923	7
3924	0
3925	17
3926	5
3927	0
3928	0
3929	0
3930	0
3931	9
3932	0
3933	0
3934	0
3935	11
3936	0
3937	0
3938	5
3939	0
3940	0
3941	0
3942	0
3943	0
3944	0
3945	0
3946	6
3947	0
3948	0
3949	0
3950	0
3951	14
3952	584
3953	14
3954	0
3955	15
3956	16
3957	0
3958	0
3959	0
3960	0
3961	8
3962	584
3963	584
3964	0
3965	0
3966	584
3967	0
3968	0
3969	584
3970	9
3971	9
3972	584
3973	0
3974	584
3975	7
3976	12
3977	0
3978	0
3979	0
3980	0
3981	300
3982	6
3983	0
3984	0
3985	0
3986	0
3987	0
3988	0
3989	584
3990	0
3991	584
3992	301
3993	0
3994	0
3995	0
3996	0
3997	0
3998	7
3999	0
4000	290
4001	9
4002	5
4003	584
4004	0
4005	0
4006	0
4007	0
4008	0
4009	4
4010	0
4011	0
4012	0
4013	0
4014	0
4015	0
4016	0
4017	0
4018	0
4019	0
4020	0
4021	0
4022	0
4023	0
4024	10
4025	0
4026	576
4027	0
4028	0
4029	0
4030	584
4031	10
4032	0
4033	0
4034	0
4035	0
4036	10
4037	584
4038	584
4039	0
4040	0
4041	584
4042	0
4043	584
4044	584
4045	584
4046	0
4047	0
4048	0
4049	0
4050	8
4051	0
4052	0
4053	7
4054	0
4055	8
4056	0
4057	0
4058	0
4059	0
4060	0
4061	0
4062	0
4063	0
4064	584
4065	0
4066	584
4067	584
4068	9
4069	9
4070	0
4071	0
4072	0
4073	0
4074	0
4075	0
4076	0
4077	0
4078	0
4079	7
4080	0
4081	584
4082	9
4083	0
4084	0
4085	584
4086	0
4087	0
4088	584
4089	584
4090	573
4091	0
4092	584
4093	5
4094	584
4095	584
4096	584
4097	0
4098	0
4099	8
4100	0
4101	0
4102	0
4103	0
4104	7
4105	8
4106	0
4107	0
4108	8
4109	0
4110	584
4111	0
4112	0
4113	584
4114	584
4115	4
4116	17
4117	0
4118	6
4119	0
4120	0
4121	6
4122	584
4123	15
4124	584
4125	584
4126	584
4127	584
4128	584
4129	13
4130	5
4131	4
4132	274
4133	6
4134	8
4135	8
4136	10
4137	7
4138	15
4139	199
4140	423
4141	9
4142	3
4143	6
4144	11
4145	5
4146	462
4147	428
4148	12
4149	461
4150	419
4151	5
4152	10
4153	157
4154	5
4155	584
4156	461
4157	282
4158	4
4159	460
4160	11
4161	4
4162	3
4163	6
4164	7
4165	8
4166	14
4167	4
4168	555
4169	4
4170	52
4171	8
4172	9
4173	584
4174	17
4175	6
4176	4
4177	4
4178	566
4179	411
4180	6
4181	8
4182	5
