0	0
1	600
2	0
3	0
4	0
5	5
6	0
7	587
8	0
9	0
10	7
11	0
12	1
13	0
14	6
15	0
16	0
17	0
18	1
19	159
20	182
21	0
22	3
23	1
24	0
25	0
26	0
27	0
28	0
29	0
30	8
31	0
32	0
33	0
34	600
35	600
36	64
37	0
38	0
39	0
40	0
41	0
42	0
43	600
44	600
45	1
46	0
47	0
48	0
49	0
50	0
51	0
52	1
53	0
54	0
55	204
56	0
57	1
58	600
59	0
60	0
61	0
62	1
63	0
64	0
65	0
66	0
67	0
68	0
69	0
70	0
71	192
72	0
73	600
74	0
75	600
76	0
77	600
78	600
79	72
80	0
81	0
82	0
83	0
84	2
85	0
86	0
87	0
88	0
89	0
90	4
91	0
92	1
93	0
94	0
95	0
96	1
97	15
98	8
99	1
100	0
101	0
102	0
103	1
104	600
105	0
106	20
107	0
108	0
109	4
110	0
111	600
112	12
113	0
114	17
115	0
116	1
117	0
118	0
119	15
120	0
121	0
122	600
123	600
124	0
125	8
126	0
127	0
128	0
129	600
130	8
131	0
132	0
133	0
134	0
135	0
136	0
137	1
138	0
139	0
140	0
141	124
142	0
143	0
144	0
145	600
146	0
147	2
148	0
149	1
150	0
151	0
152	0
153	0
154	0
155	0
156	0
157	8
158	0
159	600
160	0
161	0
162	0
163	0
164	0
165	1
166	1
167	600
168	1
169	0
170	1
171	0
172	1
173	0
174	0
175	0
176	0
177	0
178	0
179	0
180	0
181	0
182	590
183	0
184	599
185	0
186	1
187	600
188	1
189	1
190	0
191	0
192	7
193	0
194	0
195	0
196	1
197	600
198	0
199	7
200	0
201	1
202	0
203	15
204	0
205	1
206	1
207	600
208	1
209	0
210	0
211	0
212	0
213	0
214	600
215	0
216	0
217	0
218	15
219	1
220	0
221	600
222	0
223	0
224	0
225	1
226	600
227	0
228	0
229	3
230	0
231	13
232	0
233	0
234	0
235	0
236	0
237	0
238	0
239	0
240	0
241	0
242	0
243	0
244	0
245	1
246	0
247	600
248	0
249	600
250	2
251	0
252	1
253	0
254	565
255	0
256	600
257	146
258	0
259	600
260	1
261	1
262	0
263	17
264	0
265	0
266	0
267	0
268	0
269	0
270	1
271	0
272	0
273	0
274	0
275	0
276	1
277	132
278	0
279	0
280	0
281	0
282	0
283	0
284	0
285	0
286	600
287	0
288	0
289	0
290	1
291	0
292	600
293	0
294	0
295	0
296	0
297	216
298	0
299	0
300	0
301	0
302	0
303	0
304	0
305	0
306	0
307	0
308	0
309	0
310	0
311	600
312	0
313	0
314	0
315	0
316	0
317	0
318	0
319	1
320	0
321	225
322	8
323	1
324	0
325	0
326	0
327	0
328	0
329	0
330	0
331	0
332	0
333	0
334	600
335	0
336	600
337	0
338	2
339	1
340	1
341	6
342	1
343	1
344	0
345	0
346	0
347	0
348	600
349	0
350	0
351	0
352	0
353	600
354	0
355	50
356	0
357	0
358	0
359	0
360	0
361	0
362	1
363	0
364	600
365	1
366	0
367	0
368	0
369	1
370	0
371	1
372	83
373	0
374	0
375	0
376	0
377	1
378	0
379	0
380	0
381	0
382	0
383	0
384	0
385	0
386	1
387	0
388	0
389	0
390	0
391	600
392	0
393	0
394	570
395	0
396	130
397	0
398	0
399	1
400	0
401	600
402	15
403	0
404	1
405	0
406	0
407	0
408	0
409	4
410	1
411	0
412	0
413	0
414	0
415	0
416	0
417	600
418	0
419	0
420	0
421	0
422	0
423	600
424	0
425	0
426	107
427	0
428	0
429	600
430	0
431	0
432	0
433	0
434	1
435	12
436	17
437	470
438	0
439	1
440	0
441	600
442	0
443	15
444	0
445	0
446	0
447	6
448	0
449	0
450	0
451	0
452	0
453	0
454	0
455	600
456	0
457	0
458	0
459	600
460	0
461	0
462	0
463	0
464	0
465	0
466	0
467	0
468	0
469	600
470	600
471	0
472	0
473	0
474	0
475	0
476	0
477	1
478	0
479	1
480	0
481	600
482	0
483	0
484	0
485	1
486	2
487	13
488	0
489	600
490	7
491	0
492	0
493	600
494	0
495	0
496	0
497	0
498	0
499	0
500	0
501	0
502	0
503	0
504	0
505	0
506	0
507	1
508	0
509	0
510	17
511	1
512	0
513	0
514	0
515	0
516	600
517	600
518	600
519	0
520	0
521	0
522	0
523	1
524	0
525	0
526	15
527	6
528	0
529	0
530	0
531	0
532	0
533	0
534	600
535	1
536	0
537	0
538	16
539	0
540	20
541	0
542	0
543	3
544	1
545	0
546	0
547	1
548	0
549	0
550	0
551	0
552	600
553	600
554	1
555	0
556	0
557	600
558	360
559	0
560	0
561	0
562	0
563	20
564	0
565	0
566	0
567	4
568	0
569	570
570	0
571	600
572	0
573	0
574	0
575	0
576	0
577	600
578	0
579	0
580	0
581	0
582	600
583	600
584	0
585	0
586	0
587	0
588	0
589	145
590	0
591	600
592	8
593	600
594	0
595	1
596	0
597	1
598	0
599	11
600	0
601	2
602	0
603	1
604	288
605	1
606	1
607	0
608	0
609	0
610	10
611	3
612	0
613	0
614	1
615	0
616	600
617	1
618	0
619	0
620	0
621	0
622	0
623	1
624	15
625	0
626	0
627	0
628	0
629	1
630	0
631	0
632	0
633	0
634	1
635	0
636	0
637	0
638	8
639	0
640	0
641	0
642	0
643	1
644	0
645	0
646	12
647	0
648	0
649	600
650	0
651	600
652	0
653	0
654	0
655	0
656	600
657	20
658	1
659	0
660	0
661	0
662	0
663	600
664	0
665	0
666	0
667	0
668	0
669	0
670	0
671	0
672	0
673	0
674	1
675	591
676	600
677	1
678	600
679	0
680	1
681	600
682	0
683	0
684	1
685	0
686	600
687	600
688	0
689	0
690	5
691	0
692	0
693	0
694	0
695	600
696	0
697	2
698	2
699	0
700	1
701	0
702	1
703	0
704	1
705	0
706	0
707	0
708	1
709	8
710	0
711	1
712	0
713	0
714	0
715	0
716	0
717	0
718	0
719	8
720	0
721	0
722	0
723	1
724	0
725	8
726	0
727	0
728	13
729	600
730	600
731	0
732	0
733	0
734	0
735	0
736	0
737	1
738	0
739	600
740	600
741	0
742	0
743	0
744	0
745	15
746	0
747	0
748	1
749	0
750	0
751	600
752	0
753	0
754	2
755	1
756	0
757	0
758	0
759	600
760	0
761	1
762	0
763	1
764	0
765	1
766	1
767	0
768	600
769	0
770	0
771	0
772	0
773	0
774	600
775	600
776	160
777	0
778	0
779	600
780	1
781	1
782	600
783	1
784	7
785	0
786	0
787	6
788	0
789	0
790	1
791	0
792	116
793	600
794	0
795	0
796	0
797	600
798	0
799	1
800	0
801	0
802	1
803	0
804	0
805	0
806	0
807	0
808	582
809	0
810	0
811	0
812	0
813	0
814	17
815	1
816	0
817	17
818	0
819	0
820	528
821	1
822	1
823	104
824	0
825	0
826	0
827	0
828	15
829	0
830	1
831	0
832	600
833	0
834	0
835	0
836	0
837	0
838	0
839	0
840	0
841	0
842	1
843	1
844	0
845	1
846	600
847	0
848	0
849	0
850	0
851	1
852	1
853	0
854	0
855	0
856	15
857	0
858	0
859	0
860	600
861	0
862	0
863	9
864	0
865	600
866	46
867	0
868	0
869	1
870	1
871	0
872	0
873	1
874	1
875	0
876	0
877	0
878	600
879	600
880	0
881	600
882	1
883	0
884	8
885	0
886	0
887	0
888	0
889	0
890	0
891	8
892	0
893	0
894	0
895	0
896	1
897	0
898	0
899	1
900	0
901	600
902	1
903	0
904	0
905	0
906	0
907	0
908	0
909	4
910	0
911	600
912	1
913	0
914	0
915	0
916	155
917	0
918	0
919	0
920	156
921	0
922	8
923	0
924	600
925	14
926	0
927	0
928	415
929	2
930	7
931	1
932	0
933	0
934	1
935	0
936	0
937	1
938	0
939	0
940	0
941	4
942	1
943	1
944	0
945	1
946	0
947	0
948	0
949	0
950	1
951	0
952	0
953	0
954	0
955	599
956	0
957	0
958	0
959	600
960	0
961	0
962	0
963	0
964	0
965	0
966	0
967	2
968	0
969	0
970	1
971	1
972	0
973	0
974	600
975	0
976	0
977	11
978	0
979	0
980	0
981	0
982	0
983	0
984	0
985	5
986	0
987	591
988	0
989	17
990	600
991	0
992	15
993	1
994	445
995	0
996	0
997	0
998	0
999	0
1000	0
1001	600
1002	15
1003	0
1004	0
1005	0
1006	0
1007	0
1008	1
1009	0
1010	1
1011	0
1012	5
1013	1
1014	0
1015	600
1016	0
1017	577
1018	1
1019	0
1020	0
1021	0
1022	0
1023	0
1024	600
1025	1
1026	0
1027	0
1028	0
1029	0
1030	0
1031	600
1032	1
1033	0
1034	0
1035	6
1036	0
1037	0
1038	83
1039	575
1040	600
1041	522
1042	600
1043	600
1044	0
1045	0
1046	600
1047	0
1048	600
1049	0
1050	1
1051	0
1052	0
1053	0
1054	0
1055	0
1056	1
1057	0
1058	0
1059	1
1060	0
1061	1
1062	0
1063	600
1064	0
1065	0
1066	600
1067	592
1068	0
1069	82
1070	0
1071	1
1072	1
1073	0
1074	0
1075	1
1076	600
1077	0
1078	0
1079	0
1080	0
1081	600
1082	8
1083	0
1084	1
1085	0
1086	8
1087	0
1088	0
1089	0
1090	0
1091	0
1092	462
1093	0
1094	600
1095	1
1096	600
1097	1
1098	17
1099	30
1100	600
1101	0
1102	50
1103	0
1104	0
1105	1
1106	0
1107	0
1108	0
1109	0
1110	0
1111	0
1112	0
1113	0
1114	0
1115	0
1116	600
1117	1
1118	600
1119	0
1120	0
1121	0
1122	0
1123	0
1124	0
1125	0
1126	1
1127	0
1128	0
1129	0
1130	0
1131	1
1132	0
1133	0
1134	15
1135	600
1136	1
1137	0
1138	600
1139	1
1140	8
1141	0
1142	146
1143	600
1144	0
1145	600
1146	0
1147	600
1148	0
1149	600
1150	0
1151	0
1152	577
1153	0
1154	0
1155	0
1156	600
1157	600
1158	0
1159	600
1160	590
1161	1
1162	0
1163	0
1164	0
1165	600
1166	0
1167	0
1168	0
1169	600
1170	13
1171	12
1172	0
1173	600
1174	0
1175	1
1176	0
1177	0
1178	0
1179	0
1180	0
1181	0
1182	600
1183	600
1184	0
1185	13
1186	15
1187	0
1188	0
1189	0
1190	0
1191	0
1192	0
1193	0
1194	1
1195	0
1196	0
1197	17
1198	0
1199	600
1200	600
1201	600
1202	15
1203	0
1204	0
1205	0
1206	0
1207	0
1208	16
1209	0
1210	1
1211	0
1212	600
1213	1
1214	0
1215	0
1216	0
1217	0
1218	0
1219	0
1220	1
1221	0
1222	0
1223	11
1224	0
1225	1
1226	0
1227	0
1228	600
1229	0
1230	1
1231	0
1232	0
1233	0
1234	1
1235	0
1236	600
1237	0
1238	1
1239	0
1240	600
1241	0
1242	0
1243	0
1244	1
1245	600
1246	600
1247	0
1248	0
1249	0
1250	600
1251	1
1252	0
1253	0
1254	551
1255	0
1256	0
1257	1
1258	0
1259	1
1260	0
1261	0
1262	6
1263	11
1264	0
1265	0
1266	0
1267	0
1268	0
1269	0
1270	0
1271	0
1272	0
1273	0
1274	0
1275	0
1276	0
1277	600
1278	0
1279	0
1280	600
1281	0
1282	0
1283	0
1284	0
1285	0
1286	0
1287	600
1288	0
1289	0
1290	0
1291	600
1292	244
1293	0
1294	600
1295	0
1296	1
1297	1
1298	0
1299	0
1300	0
1301	1
1302	0
1303	0
1304	1
1305	1
1306	0
1307	0
1308	0
1309	0
1310	600
1311	1
1312	0
1313	0
1314	1
1315	0
1316	0
1317	7
1318	0
1319	0
1320	0
1321	0
1322	0
1323	0
1324	600
1325	0
1326	0
1327	0
1328	0
1329	0
1330	0
1331	0
1332	0
1333	600
1334	600
1335	1
1336	0
1337	600
1338	0
1339	0
1340	600
1341	1
1342	0
1343	0
1344	0
1345	0
1346	6
1347	0
1348	0
1349	1
1350	0
1351	0
1352	0
1353	0
1354	0
1355	0
1356	600
1357	545
1358	0
1359	600
1360	0
1361	0
1362	1
1363	0
1364	1
1365	600
1366	0
1367	600
1368	0
1369	600
1370	0
1371	0
1372	0
1373	0
1374	1
1375	0
1376	0
1377	0
1378	0
1379	0
1380	0
1381	0
1382	600
1383	0
1384	0
1385	1
1386	0
1387	0
1388	0
1389	7
1390	0
1391	0
1392	16
1393	563
1394	0
1395	1
1396	1
1397	0
1398	16
1399	6
1400	0
1401	0
1402	600
1403	0
1404	0
1405	0
1406	0
1407	0
1408	0
1409	0
1410	0
1411	0
1412	0
1413	17
1414	0
1415	1
1416	11
1417	600
1418	0
1419	0
1420	600
1421	1
1422	0
1423	0
1424	0
1425	0
1426	0
1427	1
1428	0
1429	1
1430	0
1431	0
1432	1
1433	1
1434	0
1435	0
1436	600
1437	600
1438	0
1439	0
1440	0
1441	1
1442	0
1443	0
1444	0
1445	0
1446	0
1447	600
1448	0
1449	0
1450	0
1451	0
1452	600
1453	6
1454	1
1455	600
1456	0
1457	0
1458	0
1459	0
1460	600
1461	600
1462	0
1463	1
1464	144
1465	0
1466	1
1467	0
1468	0
1469	0
1470	0
1471	0
1472	0
1473	0
1474	0
1475	7
1476	0
1477	0
1478	1
1479	600
1480	1
1481	0
1482	1
1483	1
1484	0
1485	12
1486	0
1487	600
1488	7
1489	579
1490	0
1491	0
1492	1
1493	600
1494	0
1495	0
1496	0
1497	0
1498	0
1499	1
1500	1
1501	600
1502	0
1503	0
1504	0
1505	0
1506	1
1507	0
1508	0
1509	584
1510	3
1511	0
1512	0
1513	0
1514	0
1515	0
1516	0
1517	0
1518	0
1519	0
1520	0
1521	0
1522	0
1523	463
1524	1
1525	0
1526	0
1527	3
1528	600
1529	1
1530	0
1531	0
1532	0
1533	1
1534	0
1535	0
1536	0
1537	0
1538	0
1539	0
1540	577
1541	0
1542	1
1543	0
1544	0
1545	1
1546	0
1547	600
1548	0
1549	0
1550	0
1551	0
1552	600
1553	0
1554	600
1555	598
1556	0
1557	6
1558	2
1559	1
1560	0
1561	1
1562	1
1563	0
1564	155
1565	0
1566	0
1567	0
1568	600
1569	600
1570	0
1571	0
1572	1
1573	1
1574	0
1575	311
1576	0
1577	0
1578	0
1579	0
1580	0
1581	0
1582	0
1583	0
1584	600
1585	0
1586	600
1587	0
1588	247
1589	0
1590	1
1591	0
1592	0
1593	11
1594	1
1595	0
1596	0
1597	600
1598	0
1599	0
1600	600
1601	0
1602	0
1603	0
1604	6
1605	6
1606	0
1607	10
1608	0
1609	0
1610	0
1611	0
1612	0
1613	0
1614	1
1615	1
1616	0
1617	0
1618	0
1619	16
1620	0
1621	0
1622	0
1623	11
1624	10
1625	1
1626	0
1627	600
1628	0
1629	0
1630	600
1631	1
1632	1
1633	0
1634	1
1635	0
1636	600
1637	0
1638	0
1639	0
1640	0
1641	600
1642	0
1643	0
1644	600
1645	0
1646	0
1647	0
1648	0
1649	600
1650	0
1651	1
1652	0
1653	0
1654	146
1655	0
1656	0
1657	0
1658	0
1659	0
1660	0
1661	2
1662	0
1663	1
1664	0
1665	1
1666	0
1667	0
1668	0
1669	440
1670	0
1671	0
1672	0
1673	1
1674	0
1675	13
1676	0
1677	1
1678	600
1679	0
1680	0
1681	600
1682	0
1683	0
1684	7
1685	0
1686	0
1687	600
1688	0
1689	16
1690	0
1691	15
1692	0
1693	0
1694	0
1695	0
1696	1
1697	0
1698	0
1699	0
1700	0
1701	0
1702	0
1703	0
1704	600
1705	0
1706	0
1707	10
1708	11
1709	0
1710	590
1711	1
1712	0
1713	0
1714	0
1715	0
1716	0
1717	1
1718	0
1719	0
1720	600
1721	0
1722	5
1723	0
1724	0
1725	545
1726	1
1727	1
1728	472
1729	0
1730	45
1731	0
1732	1
1733	0
1734	1
1735	0
1736	0
1737	0
1738	0
1739	0
1740	0
1741	0
1742	0
1743	0
1744	15
1745	0
1746	15
1747	0
1748	0
1749	0
1750	0
1751	0
1752	0
1753	0
1754	0
1755	92
1756	0
1757	600
1758	0
1759	0
1760	15
1761	72
1762	600
1763	0
1764	1
1765	0
1766	600
1767	1
1768	0
1769	0
1770	0
1771	1
1772	2
1773	600
1774	0
1775	0
1776	0
1777	0
1778	1
1779	1
1780	0
1781	0
1782	0
1783	1
1784	0
1785	0
1786	91
1787	0
1788	0
1789	0
1790	1
1791	600
1792	600
1793	0
1794	570
1795	0
1796	0
1797	0
1798	600
1799	0
1800	0
1801	1
1802	0
1803	600
1804	600
1805	1
1806	11
1807	600
1808	0
1809	0
1810	0
1811	0
1812	0
1813	0
1814	1
1815	0
1816	0
1817	600
1818	0
1819	600
1820	0
1821	1
1822	8
1823	3
1824	1
1825	600
1826	2
1827	0
1828	0
1829	13
1830	0
1831	1
1832	0
1833	1
1834	0
1835	0
1836	600
1837	0
1838	0
1839	0
1840	1
1841	600
1842	0
1843	2
1844	0
1845	600
1846	0
1847	0
1848	0
1849	0
1850	600
1851	600
1852	3
1853	1
1854	0
1855	600
1856	0
1857	1
1858	0
1859	0
1860	0
1861	0
1862	0
1863	0
1864	0
1865	0
1866	1
1867	0
1868	0
1869	20
1870	0
1871	0
1872	0
1873	372
1874	600
1875	0
1876	8
1877	0
1878	0
1879	600
1880	0
1881	0
1882	600
1883	600
1884	0
1885	1
1886	0
1887	0
1888	8
1889	0
1890	0
1891	0
1892	1
1893	0
1894	0
1895	0
1896	4
1897	0
1898	600
1899	1
1900	0
1901	0
1902	0
1903	0
1904	0
1905	1
1906	11
1907	0
1908	12
1909	0
1910	600
1911	446
1912	0
1913	600
1914	0
1915	0
1916	5
1917	0
1918	0
1919	0
1920	0
1921	0
1922	0
1923	0
1924	0
1925	0
1926	0
1927	600
1928	7
1929	0
1930	0
1931	0
1932	600
1933	1
1934	0
1935	0
1936	600
1937	0
1938	0
1939	0
1940	1
1941	1
1942	0
1943	0
1944	69
1945	0
1946	0
1947	1
1948	600
1949	0
1950	600
1951	1
1952	0
1953	0
1954	12
1955	600
1956	0
1957	600
1958	0
1959	0
1960	0
1961	0
1962	0
1963	0
1964	600
1965	1
1966	1
1967	522
1968	0
1969	188
1970	600
1971	0
1972	0
1973	0
1974	0
1975	600
1976	0
1977	0
1978	600
1979	1
1980	0
1981	0
1982	0
1983	0
1984	0
1985	0
1986	1
1987	0
1988	0
1989	0
1990	0
1991	600
1992	0
1993	0
1994	1
1995	0
1996	9
1997	600
1998	0
1999	0
2000	0
2001	600
2002	11
2003	3
2004	0
2005	0
2006	600
2007	0
2008	8
2009	0
2010	0
2011	1
2012	12
2013	0
2014	0
2015	15
2016	1
2017	0
2018	600
2019	0
2020	0
2021	1
2022	1
2023	0
2024	0
2025	0
2026	1
2027	0
2028	1
2029	0
2030	1
2031	0
2032	0
2033	0
2034	0
2035	0
2036	0
2037	0
2038	4
2039	600
2040	0
2041	0
2042	0
2043	0
2044	0
2045	600
2046	0
2047	0
2048	0
2049	0
2050	8
2051	0
2052	0
2053	0
2054	0
2055	0
2056	0
2057	0
2058	0
2059	0
2060	0
2061	0
2062	0
2063	1
2064	0
2065	0
2066	6
2067	0
2068	1
2069	0
2070	0
2071	0
2072	0
2073	0
2074	0
2075	0
2076	0
2077	0
2078	8
2079	0
2080	8
2081	0
2082	1
2083	8
2084	1
2085	0
2086	0
2087	1
2088	1
2089	0
2090	8
2091	1
2092	0
2093	0
2094	1
2095	0
2096	12
2097	1
2098	0
2099	0
2100	1
2101	0
2102	0
2103	0
2104	0
2105	0
2106	0
2107	0
2108	20
2109	0
2110	0
2111	0
2112	0
2113	0
2114	0
2115	1
2116	0
2117	0
2118	0
2119	0
2120	0
2121	5
2122	0
2123	0
2124	404
2125	600
2126	166
2127	11
2128	0
2129	600
2130	0
2131	0
2132	0
2133	0
2134	0
2135	0
2136	12
2137	1
2138	600
2139	600
2140	0
2141	1
2142	0
2143	600
2144	0
2145	0
2146	0
2147	12
2148	0
2149	0
2150	600
2151	1
2152	1
2153	0
2154	0
2155	0
2156	0
2157	0
2158	13
2159	0
2160	0
2161	1
2162	15
2163	10
2164	10
2165	1
2166	0
2167	2
2168	548
2169	20
2170	1
2171	0
2172	1
2173	0
2174	0
2175	0
2176	600
2177	0
2178	0
2179	0
2180	0
2181	0
2182	0
2183	0
2184	0
2185	0
2186	0
2187	0
2188	0
2189	1
2190	0
2191	0
2192	1
2193	0
2194	106
2195	0
2196	0
2197	0
2198	0
2199	0
2200	0
2201	0
2202	10
2203	456
2204	600
2205	0
2206	1
2207	0
2208	0
2209	600
2210	0
2211	0
2212	0
2213	0
2214	0
2215	99
2216	0
2217	0
2218	8
2219	1
2220	0
2221	1
2222	0
2223	0
2224	0
2225	0
2226	0
2227	0
2228	0
2229	0
2230	0
2231	9
2232	0
2233	1
2234	0
2235	0
2236	1
2237	0
2238	0
2239	12
2240	0
2241	1
2242	1
2243	0
2244	0
2245	0
2246	590
2247	1
2248	0
2249	1
2250	6
2251	20
2252	15
2253	96
2254	600
2255	0
2256	2
2257	0
2258	1
2259	0
2260	0
2261	0
2262	0
2263	0
2264	590
2265	600
2266	0
2267	0
2268	0
2269	0
2270	0
2271	6
2272	0
2273	0
2274	0
2275	0
2276	0
2277	578
2278	0
2279	0
2280	1
2281	0
2282	0
2283	0
2284	0
2285	600
2286	600
2287	600
2288	0
2289	0
2290	1
2291	1
2292	0
2293	0
2294	0
2295	8
2296	0
2297	0
2298	1
2299	0
2300	0
2301	0
2302	0
2303	0
2304	0
2305	0
2306	1
2307	1
2308	0
2309	0
2310	0
2311	0
2312	0
2313	1
2314	0
2315	0
2316	0
2317	1
2318	1
2319	0
2320	0
2321	0
2322	0
2323	0
2324	0
2325	0
2326	0
2327	5
2328	0
2329	1
2330	0
2331	0
2332	600
2333	0
2334	0
2335	0
2336	1
2337	8
2338	0
2339	1
2340	13
2341	97
2342	5
2343	0
2344	1
2345	1
2346	0
2347	0
2348	1
2349	600
2350	0
2351	0
2352	0
2353	0
2354	0
2355	600
2356	0
2357	0
2358	0
2359	0
2360	0
2361	0
2362	0
2363	0
2364	0
2365	0
2366	600
2367	600
2368	0
2369	0
2370	0
2371	1
2372	0
2373	0
2374	0
2375	1
2376	0
2377	600
2378	0
2379	0
2380	15
2381	0
2382	0
2383	1
2384	0
2385	0
2386	0
2387	0
2388	1
2389	0
2390	0
2391	0
2392	0
2393	1
2394	0
2395	0
2396	0
2397	1
2398	0
2399	0
2400	0
2401	0
2402	0
2403	0
2404	0
2405	0
2406	0
2407	0
2408	0
2409	0
2410	1
2411	0
2412	0
2413	0
2414	1
2415	15
2416	0
2417	1
2418	0
2419	0
2420	0
2421	0
2422	0
2423	0
2424	0
2425	0
2426	0
2427	0
2428	12
2429	0
2430	0
2431	0
2432	0
2433	0
2434	600
2435	0
2436	0
2437	600
2438	0
2439	0
2440	0
2441	0
2442	0
2443	0
2444	0
2445	0
2446	1
2447	1
2448	1
2449	0
2450	177
2451	0
2452	1
2453	600
2454	0
2455	0
2456	2
2457	8
2458	0
2459	0
2460	0
2461	0
2462	0
2463	0
2464	0
2465	0
2466	0
2467	17
2468	0
2469	0
2470	0
2471	0
2472	0
2473	1
2474	0
2475	0
2476	0
2477	600
2478	0
2479	1
2480	0
2481	17
2482	1
2483	0
2484	0
2485	0
2486	1
2487	0
2488	1
2489	0
2490	0
2491	0
2492	1
2493	1
2494	0
2495	1
2496	1
2497	0
2498	600
2499	9
2500	0
2501	1
2502	0
2503	2
2504	0
2505	0
2506	0
2507	590
2508	0
2509	0
2510	1
2511	16
2512	0
2513	0
2514	0
2515	0
2516	0
2517	0
2518	600
2519	0
2520	9
2521	0
2522	3
2523	0
2524	0
2525	600
2526	4
2527	0
2528	0
2529	1
2530	0
2531	600
2532	600
2533	0
2534	0
2535	1
2536	546
2537	0
2538	0
2539	0
2540	0
2541	15
2542	0
2543	1
2544	600
2545	0
2546	0
2547	0
2548	1
2549	0
2550	1
2551	0
2552	0
2553	0
2554	0
2555	0
2556	1
2557	1
2558	1
2559	1
2560	1
2561	6
2562	0
2563	0
2564	12
2565	0
2566	0
2567	0
2568	600
2569	1
2570	15
2571	349
2572	1
2573	0
2574	0
2575	0
2576	1
2577	0
2578	0
2579	0
2580	6
2581	0
2582	0
2583	1
2584	0
2585	0
2586	0
2587	0
2588	0
2589	0
2590	0
2591	0
2592	0
2593	0
2594	0
2595	600
2596	0
2597	1
2598	0
2599	0
2600	0
2601	0
2602	0
2603	0
2604	0
2605	0
2606	1
2607	0
2608	0
2609	1
2610	0
2611	0
2612	0
2613	0
2614	0
2615	0
2616	0
2617	0
2618	0
2619	0
2620	501
2621	0
2622	0
2623	0
2624	0
2625	0
2626	0
2627	0
2628	0
2629	0
2630	0
2631	0
2632	0
2633	0
2634	0
2635	0
2636	0
2637	0
2638	0
2639	600
2640	0
2641	0
2642	600
2643	201
2644	0
2645	0
2646	0
2647	11
2648	0
2649	0
2650	0
2651	501
2652	0
2653	0
2654	0
2655	0
2656	0
2657	0
2658	7
2659	600
2660	0
2661	0
2662	0
2663	0
2664	8
2665	0
2666	600
2667	0
2668	1
2669	0
2670	0
2671	600
2672	0
2673	8
2674	0
2675	1
2676	0
2677	0
2678	0
2679	0
2680	0
2681	0
2682	0
2683	0
2684	0
2685	196
2686	0
2687	0
2688	0
2689	0
2690	600
2691	0
2692	1
2693	0
2694	600
2695	0
2696	287
2697	0
2698	0
2699	0
2700	20
2701	0
2702	1
2703	0
2704	600
2705	0
2706	20
2707	0
2708	0
2709	1
2710	0
2711	0
2712	600
2713	1
2714	600
2715	1
2716	600
2717	600
2718	1
2719	0
2720	0
2721	0
2722	443
2723	1
2724	0
2725	0
2726	0
2727	1
2728	0
2729	600
2730	0
2731	13
2732	0
2733	600
2734	0
2735	0
2736	15
2737	0
2738	0
2739	0
2740	0
2741	0
2742	0
2743	600
2744	0
2745	0
2746	0
2747	13
2748	1
2749	1
2750	0
2751	0
2752	0
2753	131
2754	0
2755	0
2756	13
2757	0
2758	0
2759	0
2760	600
2761	0
2762	15
2763	0
2764	0
2765	600
2766	1
2767	0
2768	0
2769	0
2770	0
2771	8
2772	20
2773	296
2774	0
2775	600
2776	0
2777	0
2778	0
2779	0
2780	0
2781	0
2782	0
2783	0
2784	0
2785	600
2786	0
2787	0
2788	0
2789	1
2790	0
2791	0
2792	0
2793	0
2794	0
2795	600
2796	0
2797	600
2798	1
2799	1
2800	0
2801	20
2802	600
2803	600
2804	4
2805	0
2806	600
2807	0
2808	7
2809	600
2810	0
2811	0
2812	0
2813	0
2814	1
2815	1
2816	0
2817	0
2818	0
2819	1
2820	0
2821	0
2822	0
2823	0
2824	4
2825	8
2826	0
2827	0
2828	600
2829	1
2830	0
2831	0
2832	0
2833	0
2834	1
2835	4
2836	0
2837	1
2838	7
2839	0
2840	0
2841	0
2842	0
2843	0
2844	0
2845	0
2846	4
2847	0
2848	0
2849	1
2850	1
2851	0
2852	0
2853	0
2854	0
2855	0
2856	0
2857	1
2858	0
2859	0
2860	0
2861	1
2862	16
2863	0
2864	0
2865	0
2866	600
2867	7
2868	0
2869	600
2870	0
2871	0
2872	0
2873	0
2874	0
2875	0
2876	0
2877	0
2878	0
2879	0
2880	0
2881	0
2882	0
2883	135
2884	0
2885	0
2886	0
2887	0
2888	13
2889	6
2890	0
2891	0
2892	0
2893	0
2894	0
2895	0
2896	0
2897	0
2898	19
2899	588
2900	0
2901	0
2902	0
2903	0
2904	0
2905	0
2906	0
2907	0
2908	0
2909	17
2910	1
2911	1
2912	0
2913	0
2914	0
2915	201
2916	3
2917	0
2918	0
2919	1
2920	1
2921	1
2922	0
2923	0
2924	0
2925	0
2926	0
2927	1
2928	0
2929	1
2930	1
2931	0
2932	0
2933	0
2934	0
2935	0
2936	0
2937	0
2938	8
2939	0
2940	0
2941	0
2942	0
2943	16
2944	0
2945	0
2946	600
2947	7
2948	0
2949	0
2950	0
2951	0
2952	0
2953	12
2954	0
2955	0
2956	0
2957	0
2958	0
2959	0
2960	0
2961	0
2962	600
2963	0
2964	0
2965	0
2966	0
2967	0
2968	0
2969	0
2970	0
2971	1
2972	0
2973	0
2974	1
2975	0
2976	0
2977	0
2978	0
2979	1
2980	0
2981	8
2982	8
2983	0
2984	600
2985	1
2986	0
2987	0
2988	2
2989	0
2990	0
2991	11
2992	0
2993	0
2994	0
2995	0
2996	0
2997	0
2998	0
2999	0
3000	0
3001	0
3002	1
3003	0
3004	1
3005	0
3006	0
3007	0
3008	600
3009	0
3010	11
3011	0
3012	1
3013	8
3014	0
3015	0
3016	0
3017	0
3018	378
3019	1
3020	1
3021	0
3022	1
3023	0
3024	0
3025	0
3026	0
3027	600
3028	0
3029	1
3030	0
3031	2
3032	0
3033	0
3034	0
3035	0
3036	1
3037	0
3038	0
3039	0
3040	0
3041	1
3042	4
3043	0
3044	4
3045	1
3046	9
3047	0
3048	10
3049	0
3050	600
3051	0
3052	0
3053	0
3054	0
3055	1
3056	3
3057	0
3058	0
3059	0
3060	0
3061	0
3062	600
3063	9
3064	150
3065	0
3066	600
3067	0
3068	0
3069	252
3070	0
3071	0
3072	600
3073	0
3074	600
3075	0
3076	0
3077	156
3078	0
3079	0
3080	0
3081	78
3082	0
3083	2
3084	0
3085	0
3086	0
3087	0
3088	0
3089	0
3090	1
3091	0
3092	600
3093	0
3094	600
3095	0
3096	600
3097	51
3098	0
3099	0
3100	0
3101	0
3102	0
3103	79
3104	600
3105	0
3106	1
3107	0
3108	5
3109	1
3110	590
3111	0
3112	0
3113	6
3114	0
3115	0
3116	0
3117	0
3118	0
3119	15
3120	0
3121	0
3122	4
3123	0
3124	0
3125	0
3126	0
3127	0
3128	600
3129	0
3130	0
3131	201
3132	599
3133	600
3134	0
3135	7
3136	1
3137	1
3138	0
3139	600
3140	0
3141	0
3142	1
3143	0
3144	0
3145	0
3146	0
3147	1
3148	0
3149	0
3150	0
3151	0
3152	0
3153	0
3154	1
3155	1
3156	0
3157	0
3158	0
3159	1
3160	0
3161	0
3162	0
3163	0
3164	0
3165	0
3166	600
3167	0
3168	8
3169	0
3170	0
3171	0
3172	0
3173	600
3174	0
3175	0
3176	0
3177	1
3178	0
3179	590
3180	0
3181	0
3182	0
3183	0
3184	600
3185	0
3186	600
3187	0
3188	600
3189	0
3190	600
3191	0
3192	8
3193	0
3194	0
3195	0
3196	1
3197	0
3198	600
3199	0
3200	1
3201	160
3202	8
3203	1
3204	0
3205	0
3206	0
3207	1
3208	0
3209	0
3210	0
3211	0
3212	0
3213	10
3214	0
3215	0
3216	0
3217	1
3218	11
3219	0
3220	0
3221	0
3222	0
3223	7
3224	600
3225	600
3226	0
3227	467
3228	8
3229	577
3230	15
3231	0
3232	0
3233	0
3234	0
3235	8
3236	0
3237	600
3238	0
3239	8
3240	600
3241	0
3242	0
3243	600
3244	600
3245	600
3246	0
3247	0
3248	0
3249	0
3250	0
3251	0
3252	0
3253	0
3254	0
3255	0
3256	1
3257	0
3258	0
3259	0
3260	0
3261	0
3262	3
3263	0
3264	1
3265	0
3266	0
3267	0
3268	0
3269	0
3270	0
3271	0
3272	0
3273	1
3274	0
3275	166
3276	1
3277	0
3278	0
3279	0
3280	0
3281	0
3282	0
3283	0
3284	0
3285	0
3286	1
3287	0
3288	7
3289	100
3290	1
3291	0
3292	1
3293	0
3294	0
3295	0
3296	0
3297	1
3298	0
3299	0
3300	0
3301	0
3302	1
3303	0
3304	0
3305	0
3306	600
3307	0
3308	0
3309	0
3310	0
3311	0
3312	0
3313	0
3314	0
3315	0
3316	1
3317	92
3318	0
3319	0
3320	0
3321	0
3322	2
3323	600
3324	1
3325	0
3326	0
3327	600
3328	0
3329	0
3330	0
3331	600
3332	0
3333	1
3334	0
3335	0
3336	0
3337	0
3338	1
3339	11
3340	600
3341	0
3342	1
3343	0
3344	0
3345	0
3346	0
3347	0
3348	0
3349	600
3350	0
3351	0
3352	75
3353	127
3354	0
3355	0
3356	1
3357	1
3358	8
3359	13
3360	0
3361	0
3362	0
3363	0
3364	0
3365	0
3366	0
3367	0
3368	8
3369	3
3370	0
3371	0
3372	0
3373	0
3374	0
3375	0
3376	0
3377	1
3378	600
3379	0
3380	592
3381	0
3382	0
3383	0
3384	0
3385	0
3386	0
3387	0
3388	0
3389	0
3390	0
3391	1
3392	1
3393	0
3394	0
3395	1
3396	0
3397	0
3398	0
3399	0
3400	1
3401	0
3402	0
3403	279
3404	0
3405	600
3406	0
3407	0
3408	1
3409	0
3410	0
3411	0
3412	0
3413	0
3414	0
3415	0
3416	0
3417	0
3418	0
3419	0
3420	1
3421	0
3422	0
3423	1
3424	0
3425	600
3426	0
3427	0
3428	1
3429	4
3430	0
3431	0
3432	0
3433	600
3434	600
3435	0
3436	0
3437	0
3438	9
3439	0
3440	0
3441	0
3442	0
3443	0
3444	1
3445	0
3446	1
3447	0
3448	0
3449	0
3450	0
3451	0
3452	0
3453	0
3454	1
3455	0
3456	1
3457	0
3458	15
3459	15
3460	0
3461	0
3462	0
3463	11
3464	600
3465	0
3466	0
3467	0
3468	3
3469	4
3470	600
3471	600
3472	0
3473	131
3474	0
3475	0
3476	1
3477	1
3478	0
3479	0
3480	0
3481	600
3482	600
3483	0
3484	0
3485	0
3486	1
3487	1
3488	0
3489	0
3490	0
3491	0
3492	0
3493	598
3494	0
3495	1
3496	0
3497	0
3498	0
3499	116
3500	0
3501	0
3502	0
3503	0
3504	600
3505	0
3506	0
3507	1
3508	0
3509	600
3510	600
3511	15
3512	0
3513	0
3514	0
3515	1
3516	1
3517	0
3518	0
3519	4
3520	0
3521	0
3522	0
3523	0
3524	0
3525	0
3526	0
3527	0
3528	0
3529	0
3530	1
3531	494
3532	0
3533	0
3534	0
3535	1
3536	0
3537	1
3538	1
3539	0
3540	0
3541	0
3542	0
3543	600
3544	0
3545	0
3546	0
3547	0
3548	0
3549	600
3550	0
3551	1
3552	0
3553	0
3554	0
3555	0
3556	0
3557	0
3558	0
3559	0
3560	600
3561	600
3562	501
3563	0
3564	600
3565	0
3566	0
3567	0
3568	0
3569	0
3570	0
3571	600
3572	0
3573	0
3574	600
3575	0
3576	0
3577	159
3578	0
3579	0
3580	1
3581	0
3582	0
3583	0
3584	600
3585	592
3586	600
3587	0
3588	10
3589	0
3590	0
3591	0
3592	0
3593	0
3594	331
3595	1
3596	0
3597	0
3598	1
3599	1
3600	0
3601	0
3602	0
3603	0
3604	0
3605	0
3606	0
3607	1
3608	600
3609	7
3610	0
3611	0
3612	0
3613	600
3614	600
3615	0
3616	0
3617	598
3618	0
3619	591
3620	0
3621	0
3622	1
3623	0
3624	0
3625	600
3626	0
3627	1
3628	0
3629	1
3630	1
3631	0
3632	0
3633	0
3634	0
3635	255
3636	0
3637	0
3638	0
3639	0
3640	0
3641	17
3642	0
3643	0
3644	82
3645	0
3646	0
3647	600
3648	2
3649	0
3650	1
3651	600
3652	0
3653	13
3654	1
3655	591
3656	0
3657	600
3658	1
3659	0
3660	0
3661	0
3662	0
3663	0
3664	15
3665	0
3666	0
3667	0
3668	0
3669	0
3670	0
3671	1
3672	0
3673	0
3674	0
3675	1
3676	0
3677	1
3678	0
3679	1
3680	1
3681	1
3682	0
3683	1
3684	1
3685	7
3686	544
3687	4
3688	0
3689	600
3690	0
3691	0
3692	0
3693	0
3694	0
3695	126
3696	8
3697	0
3698	0
3699	0
3700	0
3701	0
3702	0
3703	11
3704	5
3705	0
3706	0
3707	1
3708	0
3709	600
3710	95
3711	4
3712	2
3713	15
3714	0
3715	0
3716	5
3717	1
3718	0
3719	0
3720	0
3721	0
3722	1
3723	0
3724	0
3725	0
3726	7
3727	0
3728	0
3729	0
3730	6
3731	600
3732	0
3733	0
3734	1
3735	0
3736	0
3737	600
3738	0
3739	1
3740	0
3741	0
3742	1
3743	0
3744	579
3745	0
3746	0
3747	589
3748	0
3749	2
3750	0
3751	0
3752	0
3753	600
3754	0
3755	0
3756	0
3757	20
3758	5
3759	600
3760	0
3761	0
3762	0
3763	15
3764	0
3765	600
3766	0
3767	600
3768	1
3769	0
3770	0
3771	0
3772	0
3773	600
3774	600
3775	600
3776	0
3777	0
3778	0
3779	0
3780	0
3781	0
3782	0
3783	0
3784	0
3785	0
3786	0
3787	0
3788	0
3789	15
3790	600
3791	0
3792	0
3793	0
3794	0
3795	600
3796	1
3797	1
3798	0
3799	600
3800	600
3801	0
3802	0
3803	0
3804	9
3805	0
3806	0
3807	1
3808	1
3809	1
3810	0
3811	0
3812	0
3813	1
3814	0
3815	0
3816	0
3817	0
3818	600
3819	600
3820	0
3821	0
3822	0
3823	183
3824	0
3825	1
3826	13
3827	0
3828	600
3829	0
3830	1
3831	0
3832	0
3833	0
3834	0
3835	7
3836	0
3837	0
3838	1
3839	0
3840	0
3841	8
3842	600
3843	0
3844	1
3845	0
3846	600
3847	0
3848	600
3849	0
3850	1
3851	0
3852	75
3853	600
3854	0
3855	0
3856	0
3857	0
3858	0
3859	0
3860	0
3861	0
3862	7
3863	0
3864	564
3865	1
3866	0
3867	0
3868	1
3869	0
3870	0
3871	0
3872	0
3873	1
3874	108
3875	1
3876	0
3877	0
3878	0
3879	0
3880	1
3881	1
3882	0
3883	0
3884	0
3885	0
3886	0
3887	0
3888	0
3889	5
3890	0
3891	1
3892	0
3893	0
3894	0
3895	0
3896	0
3897	0
3898	0
3899	0
3900	0
3901	0
3902	0
3903	0
3904	0
3905	0
3906	0
3907	0
3908	8
3909	1
3910	0
3911	0
3912	1
3913	20
3914	592
3915	0
3916	0
3917	20
3918	0
3919	0
3920	1
3921	0
3922	16
3923	16
3924	1
3925	70
3926	311
3927	0
3928	0
3929	0
3930	0
3931	600
3932	0
3933	1
3934	0
3935	0
3936	1
3937	0
3938	0
3939	223
3940	0
3941	0
3942	600
3943	0
3944	1
3945	0
3946	0
3947	0
3948	0
3949	0
3950	1
3951	20
3952	600
3953	1
3954	600
3955	0
3956	0
3957	0
3958	0
3959	0
3960	0
3961	1
3962	0
3963	1
3964	0
3965	0
3966	0
3967	0
3968	0
3969	1
3970	0
3971	0
3972	0
3973	0
3974	0
3975	600
3976	0
3977	0
3978	0
3979	600
3980	0
3981	0
3982	0
3983	0
3984	0
3985	0
3986	0
3987	8
3988	600
3989	0
3990	0
3991	1
3992	0
3993	600
3994	13
3995	0
3996	0
3997	1
3998	0
3999	0
4000	0
4001	0
4002	600
4003	0
4004	1
4005	0
4006	1
4007	43
4008	0
4009	1
4010	0
4011	0
4012	1
4013	0
4014	130
4015	0
4016	0
4017	0
4018	2
4019	0
4020	0
4021	0
4022	0
4023	1
4024	0
4025	0
4026	0
4027	3
4028	7
4029	7
4030	0
4031	0
4032	0
4033	0
4034	0
4035	0
4036	0
4037	0
4038	0
4039	0
4040	0
4041	0
4042	16
4043	0
4044	600
4045	1
4046	0
4047	0
4048	0
4049	0
4050	0
4051	0
4052	0
4053	1
4054	0
4055	1
4056	600
4057	1
4058	600
4059	600
4060	0
4061	600
4062	0
4063	0
4064	0
4065	0
4066	0
4067	0
4068	0
4069	600
4070	0
4071	1
4072	600
4073	0
4074	0
4075	0
4076	0
4077	1
4078	0
4079	0
4080	0
4081	0
4082	0
4083	0
4084	0
4085	1
4086	1
4087	20
4088	0
4089	0
4090	0
4091	20
4092	0
4093	1
4094	1
4095	1
4096	1
4097	0
4098	0
4099	0
4100	0
4101	0
4102	15
4103	0
4104	1
4105	600
4106	600
4107	0
4108	0
4109	0
4110	0
4111	0
4112	0
4113	3
4114	0
4115	0
4116	0
4117	559
4118	0
4119	0
4120	0
4121	0
4122	1
4123	1
4124	1
4125	10
4126	9
4127	0
4128	0
4129	0
4130	1
4131	0
4132	1
4133	0
4134	1
4135	0
4136	0
4137	0
4138	0
4139	0
4140	0
4141	3
4142	0
4143	0
4144	0
4145	1
4146	0
4147	600
4148	600
4149	0
4150	1
4151	0
4152	0
4153	0
4154	1
4155	0
4156	0
4157	0
4158	0
4159	0
4160	0
4161	1
4162	0
4163	0
4164	0
4165	600
4166	0
4167	0
4168	0
4169	0
4170	2
4171	1
4172	0
4173	1
4174	0
4175	316
4176	0
4177	0
4178	1
4179	0
4180	600
4181	0
4182	0
4183	0
4184	1
4185	600
4186	0
4187	0
4188	1
4189	0
4190	600
4191	0
4192	14
4193	0
4194	0
4195	0
4196	15
4197	0
4198	8
4199	0
4200	0
4201	0
4202	418
4203	0
4204	0
4205	0
4206	0
4207	15
4208	1
4209	0
4210	7
4211	0
4212	0
4213	600
4214	0
4215	0
4216	0
4217	0
4218	0
4219	0
4220	1
4221	1
4222	0
4223	0
4224	0
4225	2
4226	0
4227	0
4228	0
4229	235
4230	0
4231	0
4232	0
4233	263
4234	0
4235	0
4236	1
4237	0
4238	600
4239	0
4240	568
4241	600
4242	12
4243	0
4244	600
4245	0
4246	0
4247	0
4248	11
4249	0
4250	0
4251	0
4252	0
4253	0
4254	0
4255	0
4256	0
4257	0
4258	7
4259	1
4260	0
4261	1
4262	0
4263	0
4264	0
4265	0
4266	0
4267	15
4268	600
4269	17
4270	0
4271	1
4272	2
4273	0
4274	600
4275	0
4276	221
4277	0
4278	0
4279	0
4280	0
4281	0
4282	1
4283	0
4284	0
4285	1
4286	0
4287	1
4288	0
4289	0
4290	600
4291	0
4292	0
4293	0
4294	0
4295	600
4296	0
4297	0
4298	2
4299	0
4300	0
4301	0
4302	0
4303	0
4304	0
4305	600
4306	0
4307	0
4308	600
4309	0
4310	0
4311	600
4312	1
4313	0
4314	0
4315	5
4316	0
4317	0
4318	0
4319	0
4320	1
4321	600
4322	600
4323	0
4324	1
4325	0
4326	0
4327	5
4328	0
4329	7
4330	0
4331	0
4332	0
4333	0
4334	0
4335	0
4336	0
4337	0
4338	0
4339	216
4340	0
4341	0
4342	0
4343	0
4344	0
4345	598
4346	600
4347	0
4348	0
4349	0
4350	0
4351	600
4352	0
4353	0
4354	600
4355	1
4356	0
4357	182
4358	0
4359	0
4360	0
4361	1
4362	0
4363	1
4364	1
4365	0
4366	0
4367	0
4368	0
4369	0
4370	1
4371	1
4372	0
4373	0
4374	0
4375	328
4376	0
4377	1
4378	15
4379	5
4380	0
4381	1
4382	0
4383	1
4384	1
4385	0
4386	353
4387	0
4388	1
4389	0
4390	0
4391	600
4392	0
4393	0
4394	0
4395	600
4396	600
4397	0
4398	0
4399	0
4400	0
4401	0
4402	0
4403	0
4404	0
4405	10
4406	600
4407	600
4408	0
4409	2
4410	0
4411	0
4412	0
4413	0
4414	1
4415	0
4416	0
4417	0
4418	0
4419	0
4420	0
4421	0
4422	1
4423	0
4424	0
4425	0
4426	0
4427	0
4428	1
4429	1
4430	0
4431	0
4432	0
4433	3
4434	0
4435	0
4436	0
4437	11
4438	0
4439	0
4440	600
4441	1
4442	0
4443	0
4444	600
4445	1
4446	600
4447	0
4448	0
4449	0
4450	0
4451	1
4452	0
4453	1
4454	0
4455	1
4456	0
4457	3
4458	1
4459	1
4460	0
4461	1
4462	1
4463	600
4464	600
4465	600
4466	0
4467	0
4468	0
4469	0
4470	0
4471	0
4472	0
4473	0
4474	0
4475	12
4476	0
4477	0
4478	0
4479	0
4480	1
4481	0
4482	133
4483	523
4484	0
4485	0
4486	1
4487	1
4488	0
4489	0
4490	600
4491	178
4492	1
4493	0
4494	1
4495	0
4496	0
4497	0
4498	3
4499	0
4500	1
4501	0
4502	0
4503	538
4504	0
4505	0
4506	0
4507	0
4508	0
4509	17
4510	0
4511	1
4512	0
4513	0
4514	0
4515	0
4516	1
4517	6
4518	0
4519	0
4520	0
4521	0
4522	0
4523	0
4524	0
4525	0
4526	600
4527	600
4528	0
4529	146
4530	0
4531	0
4532	470
4533	368
4534	0
4535	0
4536	0
4537	0
4538	0
4539	8
4540	0
4541	0
4542	5
4543	0
4544	0
4545	0
4546	6
4547	6
4548	0
4549	1
4550	0
4551	0
4552	0
4553	155
4554	1
4555	0
4556	600
4557	0
4558	0
4559	0
4560	0
4561	0
4562	1
4563	0
4564	0
4565	0
4566	0
4567	595
4568	0
4569	1
4570	600
4571	0
4572	1
4573	1
4574	0
4575	1
4576	0
4577	0
4578	1
4579	0
4580	600
4581	0
4582	0
4583	0
4584	0
4585	0
4586	0
4587	1
4588	1
4589	0
4590	0
4591	3
4592	0
4593	0
4594	0
4595	0
4596	600
4597	546
4598	0
4599	0
4600	0
4601	1
4602	600
4603	0
4604	0
4605	157
4606	0
4607	1
4608	0
4609	1
4610	0
4611	600
4612	0
4613	0
4614	600
4615	600
4616	0
4617	0
4618	0
4619	0
4620	1
4621	1
4622	1
4623	0
4624	0
4625	0
4626	0
4627	1
4628	0
4629	0
4630	0
4631	0
4632	0
4633	0
4634	0
4635	0
4636	2
4637	0
4638	0
4639	0
4640	578
4641	0
4642	1
4643	3
4644	0
4645	0
4646	1
4647	0
4648	0
4649	0
4650	0
4651	0
4652	1
4653	0
4654	1
4655	2
4656	0
4657	600
4658	1
4659	0
4660	0
4661	0
4662	0
4663	0
4664	0
4665	600
4666	0
4667	0
4668	0
4669	0
4670	0
4671	1
4672	1
4673	11
4674	600
4675	0
4676	133
4677	0
4678	1
4679	0
4680	0
4681	0
4682	0
4683	0
4684	0
4685	8
4686	0
4687	0
4688	0
4689	0
4690	15
4691	0
4692	1
4693	0
4694	1
4695	0
4696	3
4697	0
4698	0
4699	0
4700	0
4701	0
4702	1
4703	0
4704	600
4705	600
4706	588
4707	0
4708	0
4709	1
4710	1
4711	0
4712	7
4713	600
4714	66
4715	5
4716	600
4717	0
4718	0
4719	0
4720	5
4721	0
4722	0
4723	0
4724	0
4725	0
4726	1
4727	0
4728	0
4729	0
4730	0
4731	0
4732	1
4733	0
4734	0
4735	0
4736	1
4737	0
4738	0
4739	0
4740	0
4741	0
4742	91
4743	0
4744	0
4745	16
4746	0
4747	0
4748	0
4749	1
4750	0
4751	0
4752	0
4753	0
4754	0
4755	0
4756	600
4757	0
4758	0
4759	600
4760	0
4761	0
4762	0
4763	1
4764	0
4765	0
4766	1
4767	1
4768	0
4769	1
4770	0
4771	0
4772	0
4773	1
4774	0
4775	0
4776	600
4777	0
4778	0
4779	600
4780	2
4781	0
4782	0
4783	600
4784	0
4785	600
4786	0
4787	0
4788	0
4789	0
4790	600
4791	0
4792	0
4793	2
4794	1
4795	0
4796	0
4797	0
4798	0
4799	0
4800	1
4801	0
4802	1
4803	0
4804	600
4805	0
4806	0
4807	0
4808	10
4809	155
4810	0
4811	0
4812	0
4813	0
4814	0
4815	0
4816	0
4817	0
4818	56
4819	0
4820	0
4821	1
4822	467
4823	0
4824	1
4825	1
4826	0
4827	0
4828	600
4829	0
4830	0
4831	0
4832	0
4833	598
4834	0
4835	600
4836	600
4837	0
4838	0
4839	0
4840	600
4841	600
4842	0
4843	0
4844	0
4845	0
4846	0
4847	0
4848	0
4849	600
4850	600
4851	0
4852	1
4853	0
4854	0
4855	0
4856	600
4857	15
4858	0
4859	0
4860	0
4861	0
4862	377
4863	0
4864	115
4865	1
4866	0
4867	0
4868	470
4869	0
4870	0
4871	1
4872	10
4873	0
4874	0
4875	0
4876	0
4877	0
4878	600
4879	1
4880	0
4881	0
4882	0
4883	0
4884	1
4885	0
4886	0
4887	0
4888	0
4889	0
4890	0
4891	0
4892	0
4893	0
4894	0
4895	600
4896	600
4897	600
4898	0
4899	6
4900	600
4901	0
4902	0
4903	0
4904	0
4905	0
4906	2
4907	0
4908	0
4909	1
4910	0
4911	0
4912	0
4913	0
4914	0
4915	1
4916	0
4917	1
4918	0
4919	0
4920	1
4921	4
4922	0
4923	0
4924	0
4925	0
4926	0
4927	585
4928	95
4929	0
4930	0
4931	0
4932	0
4933	0
4934	0
4935	0
4936	0
4937	0
4938	0
4939	600
4940	0
4941	0
4942	0
4943	20
4944	1
4945	0
4946	1
4947	0
4948	0
4949	3
4950	0
4951	0
4952	0
4953	0
4954	0
4955	0
4956	0
4957	0
4958	0
4959	1
4960	0
4961	0
4962	0
4963	0
4964	1
4965	600
4966	6
4967	15
4968	0
4969	1
4970	600
4971	0
4972	5
4973	0
4974	7
4975	0
4976	600
4977	0
4978	600
4979	0
4980	0
4981	0
4982	0
4983	0
4984	0
4985	0
4986	1
4987	0
4988	0
4989	0
4990	0
4991	103
4992	0
4993	2
4994	0
4995	0
4996	0
4997	5
4998	0
4999	0
5000	0
5001	0
5002	0
5003	9
5004	596
5005	0
5006	0
5007	0
5008	1
5009	1
5010	0
5011	0
5012	0
5013	600
5014	0
5015	0
5016	0
5017	0
5018	0
5019	1
5020	5
5021	20
5022	0
5023	600
5024	0
5025	8
5026	1
5027	0
5028	0
5029	63
5030	0
5031	0
5032	0
5033	0
5034	0
5035	600
5036	8
5037	1
5038	600
5039	600
5040	600
5041	600
5042	0
5043	0
5044	0
5045	0
5046	600
5047	0
5048	1
5049	600
5050	12
5051	600
5052	0
5053	1
5054	0
5055	600
5056	0
5057	0
5058	598
5059	0
5060	600
5061	15
5062	0
5063	0
5064	0
5065	0
5066	1
5067	1
5068	0
5069	0
5070	600
5071	600
5072	0
5073	0
5074	600
5075	600
5076	0
5077	600
5078	598
5079	0
5080	0
5081	600
5082	0
5083	600
5084	0
5085	1
5086	0
5087	1
5088	0
5089	13
5090	99
5091	0
5092	69
5093	600
5094	0
5095	600
5096	0
5097	600
5098	115
5099	0
5100	0
5101	3
5102	0
5103	1
5104	1
5105	0
5106	0
5107	0
5108	0
5109	0
5110	522
5111	600
5112	2
5113	600
5114	0
5115	17
5116	15
5117	0
5118	0
5119	0
5120	0
5121	15
5122	0
5123	0
5124	1
5125	0
5126	0
5127	0
5128	0
5129	0
5130	0
5131	0
5132	0
5133	0
5134	0
5135	0
5136	0
5137	0
5138	600
5139	0
5140	0
5141	0
5142	600
5143	0
5144	0
5145	0
5146	570
5147	0
5148	0
5149	0
5150	577
5151	0
5152	1
5153	0
5154	0
5155	0
5156	0
5157	0
5158	0
5159	0
5160	0
5161	0
5162	1
5163	0
5164	218
5165	0
5166	0
5167	0
5168	0
5169	0
5170	570
5171	0
5172	0
5173	0
5174	0
5175	0
5176	0
5177	1
5178	0
5179	2
5180	0
5181	0
5182	0
5183	0
5184	1
5185	600
5186	0
5187	0
5188	1
5189	0
5190	0
5191	0
5192	0
5193	0
5194	0
5195	0
5196	0
5197	13
5198	0
5199	0
5200	0
5201	0
5202	598
5203	0
5204	1
5205	0
5206	0
5207	0
5208	0
5209	600
5210	590
5211	0
5212	0
5213	0
5214	600
5215	0
5216	2
5217	0
5218	1
5219	1
5220	1
5221	0
5222	0
5223	600
5224	0
5225	0
5226	150
5227	0
5228	600
5229	0
5230	1
5231	1
5232	0
5233	0
5234	6
5235	0
5236	10
5237	0
5238	0
5239	148
5240	1
5241	1
5242	0
5243	0
5244	0
5245	0
5246	0
5247	0
5248	0
5249	0
5250	1
5251	15
5252	0
5253	6
5254	0
5255	0
5256	600
5257	0
5258	0
5259	1
5260	160
5261	0
5262	0
5263	0
5264	600
5265	0
5266	1
5267	1
5268	0
5269	0
5270	0
5271	134
5272	0
5273	0
5274	0
5275	8
5276	0
5277	0
5278	0
5279	0
5280	0
5281	0
5282	582
5283	0
5284	0
5285	0
5286	1
5287	0
5288	1
5289	1
5290	0
5291	0
5292	0
5293	0
5294	0
5295	0
5296	1
5297	0
5298	0
5299	0
5300	0
5301	0
5302	0
5303	0
5304	96
5305	0
5306	600
5307	0
5308	152
5309	1
5310	0
5311	0
5312	0
5313	0
5314	0
5315	1
5316	0
5317	600
5318	0
5319	0
5320	72
5321	0
5322	0
5323	0
5324	345
5325	1
5326	0
5327	0
5328	1
5329	1
5330	0
5331	0
5332	1
5333	0
5334	0
5335	0
5336	0
5337	0
5338	1
5339	0
5340	1
5341	0
5342	0
5343	1
5344	0
5345	0
5346	0
5347	0
5348	0
5349	0
5350	0
5351	0
5352	1
5353	0
5354	0
5355	0
5356	0
5357	0
5358	0
5359	1
5360	0
5361	0
5362	0
5363	600
5364	0
5365	0
5366	1
5367	0
5368	0
5369	0
5370	1
5371	0
5372	0
5373	13
5374	1
5375	0
5376	600
5377	0
5378	600
5379	0
5380	0
5381	0
5382	0
5383	600
5384	0
5385	0
5386	1
5387	0
5388	600
5389	0
5390	0
5391	11
5392	0
5393	0
5394	0
5395	0
5396	0
5397	0
5398	0
5399	1
5400	1
5401	1
5402	7
5403	0
5404	0
5405	5
5406	1
5407	1
5408	0
5409	0
5410	0
5411	0
5412	1
5413	0
5414	0
5415	0
5416	0
5417	0
5418	1
5419	0
5420	600
5421	13
5422	0
5423	600
5424	600
5425	0
5426	0
5427	0
5428	0
5429	1
5430	0
5431	0
5432	0
5433	0
5434	1
5435	600
5436	1
5437	0
5438	0
5439	600
5440	600
5441	16
5442	0
5443	600
5444	0
5445	8
5446	1
5447	3
5448	1
5449	0
5450	0
5451	0
5452	0
5453	0
5454	15
5455	0
5456	0
5457	0
5458	0
5459	0
5460	600
5461	0
5462	0
5463	0
5464	0
5465	0
5466	0
5467	0
5468	0
5469	16
5470	0
5471	0
5472	1
5473	13
5474	0
5475	0
5476	0
5477	0
5478	0
5479	0
5480	0
5481	1
5482	0
5483	0
5484	599
5485	0
5486	0
5487	600
5488	0
5489	0
5490	0
5491	1
5492	1
5493	0
5494	1
5495	0
5496	0
5497	7
5498	0
5499	4
5500	0
5501	0
5502	0
5503	0
5504	0
5505	0
5506	600
5507	0
5508	3
5509	0
5510	0
5511	600
5512	600
5513	1
5514	0
5515	600
5516	0
5517	0
5518	1
5519	0
5520	0
5521	0
5522	1
5523	0
5524	0
5525	0
5526	0
5527	0
5528	600
5529	0
5530	600
5531	1
5532	0
5533	1
5534	12
5535	0
5536	0
5537	0
5538	1
5539	0
5540	600
5541	9
5542	0
5543	0
5544	0
5545	0
5546	0
5547	0
5548	0
5549	598
5550	0
5551	10
5552	0
5553	0
5554	600
5555	0
5556	0
5557	1
5558	1
5559	0
5560	0
5561	1
5562	0
5563	0
5564	0
5565	1
5566	0
5567	0
5568	2
5569	0
5570	0
5571	0
5572	0
5573	6
5574	0
5575	1
5576	0
5577	0
5578	1
5579	0
5580	0
5581	0
5582	0
5583	4
5584	0
5585	11
5586	0
5587	84
5588	600
5589	0
5590	0
5591	0
5592	600
5593	600
5594	0
5595	600
5596	0
5597	0
5598	10
5599	600
5600	1
5601	0
5602	0
5603	1
5604	4
5605	0
5606	0
5607	15
5608	0
5609	0
5610	0
5611	0
5612	0
5613	8
5614	2
5615	0
5616	0
5617	0
5618	182
5619	0
5620	600
5621	1
5622	0
5623	4
5624	0
5625	0
5626	0
5627	0
5628	0
5629	600
5630	0
5631	0
5632	0
5633	0
5634	0
5635	1
5636	0
5637	0
5638	0
5639	0
5640	0
5641	1
5642	0
5643	0
5644	0
5645	600
5646	0
5647	507
5648	0
5649	0
5650	0
5651	20
5652	1
5653	0
5654	1
5655	1
5656	1
5657	0
5658	0
5659	0
5660	0
5661	1
5662	3
5663	0
5664	1
5665	0
5666	1
5667	0
5668	2
5669	0
5670	2
5671	0
5672	0
5673	0
5674	0
5675	0
5676	600
5677	0
5678	0
5679	0
5680	1
5681	0
5682	0
5683	1
5684	1
5685	0
5686	1
5687	0
5688	600
5689	1
5690	0
5691	0
5692	1
5693	600
5694	1
5695	0
5696	1
5697	1
5698	17
5699	1
5700	0
5701	0
5702	600
5703	0
5704	0
5705	0
5706	0
5707	13
5708	0
5709	1
5710	13
5711	1
5712	0
5713	0
5714	600
5715	3
5716	1
5717	0
5718	1
5719	1
5720	1
5721	0
5722	0
5723	0
5724	600
5725	0
5726	600
5727	94
5728	600
5729	0
5730	0
5731	0
5732	600
5733	590
5734	0
5735	600
5736	1
5737	2
5738	0
5739	600
5740	0
5741	0
5742	0
5743	5
5744	0
5745	0
5746	1
5747	600
5748	0
5749	2
5750	0
5751	1
5752	1
5753	0
5754	0
5755	1
5756	1
5757	0
5758	0
5759	0
5760	2
5761	0
5762	16
5763	0
5764	600
5765	0
5766	0
5767	0
5768	600
5769	8
5770	0
5771	0
5772	0
5773	1
5774	1
5775	0
5776	600
5777	2
5778	1
5779	0
5780	0
5781	600
5782	15
5783	0
5784	0
5785	0
5786	0
5787	10
5788	0
5789	0
5790	1
5791	0
5792	10
5793	0
5794	600
5795	1
5796	0
5797	0
5798	600
5799	0
5800	0
5801	0
5802	8
5803	0
5804	600
5805	0
5806	0
5807	17
5808	0
5809	0
5810	577
5811	600
5812	600
5813	0
5814	0
5815	1
5816	600
5817	0
5818	600
5819	0
5820	0
5821	0
5822	0
5823	0
5824	0
5825	0
5826	0
5827	0
5828	2
5829	0
5830	0
5831	0
5832	0
5833	0
5834	600
5835	0
5836	0
5837	0
5838	0
5839	0
5840	0
5841	0
5842	3
5843	11
5844	0
5845	0
5846	1
5847	0
5848	0
5849	1
5850	0
5851	0
5852	0
5853	0
5854	0
5855	1
5856	600
5857	0
5858	0
5859	0
5860	0
5861	0
5862	0
5863	0
5864	0
5865	0
5866	0
5867	0
5868	0
5869	600
5870	0
5871	592
5872	6
5873	0
5874	1
5875	0
5876	0
5877	0
5878	0
5879	0
5880	0
5881	0
5882	0
5883	0
5884	0
5885	0
5886	0
5887	0
5888	0
5889	1
5890	0
5891	0
5892	0
5893	0
5894	0
5895	0
5896	0
5897	0
5898	0
5899	1
5900	0
5901	0
5902	8
5903	0
5904	0
5905	12
5906	0
5907	0
5908	0
5909	15
5910	111
5911	0
5912	1
5913	1
5914	2
5915	0
5916	0
5917	0
5918	0
5919	0
5920	0
5921	0
5922	0
5923	0
5924	0
5925	600
5926	1
5927	600
5928	0
5929	600
5930	124
5931	91
5932	0
5933	0
5934	0
5935	0
5936	0
5937	600
5938	0
5939	0
5940	12
5941	0
5942	0
5943	15
5944	600
5945	8
5946	0
5947	0
5948	0
5949	0
5950	0
5951	0
5952	0
5953	3
5954	0
5955	0
5956	0
5957	137
5958	6
5959	0
5960	1
5961	0
5962	0
5963	0
5964	0
5965	1
5966	0
5967	1
5968	1
5969	0
5970	600
5971	0
5972	0
5973	0
5974	600
5975	0
5976	0
5977	0
5978	13
5979	1
5980	0
5981	1
5982	1
5983	0
5984	0
5985	0
5986	11
5987	0
5988	1
5989	0
5990	600
5991	0
5992	3
5993	0
5994	600
5995	0
5996	0
5997	0
5998	0
5999	0
6000	16
6001	0
6002	0
6003	1
6004	0
6005	0
6006	303
6007	0
6008	0
6009	0
6010	0
6011	600
6012	600
6013	0
6014	9
6015	15
6016	0
6017	0
6018	0
6019	0
6020	600
6021	0
6022	0
6023	0
6024	0
6025	0
6026	0
6027	0
6028	0
6029	600
6030	0
6031	1
6032	0
6033	0
6034	0
6035	1
6036	1
6037	0
6038	0
6039	0
6040	0
6041	0
6042	0
6043	0
6044	0
6045	0
6046	0
6047	600
6048	0
6049	0
6050	0
6051	0
6052	6
6053	0
6054	0
6055	1
6056	0
6057	3
6058	0
6059	0
6060	0
6061	0
6062	0
6063	0
6064	0
6065	8
6066	6
6067	0
6068	0
6069	0
6070	0
6071	0
6072	0
6073	0
6074	0
6075	0
6076	0
6077	0
6078	0
6079	1
6080	1
6081	8
6082	0
6083	0
6084	0
6085	598
6086	1
6087	0
6088	1
6089	0
6090	0
6091	0
6092	1
6093	0
6094	577
6095	0
6096	0
6097	0
6098	0
6099	1
6100	0
6101	0
6102	0
6103	0
6104	1
6105	0
6106	1
6107	600
6108	16
6109	1
6110	147
6111	0
6112	0
6113	0
6114	0
6115	0
6116	0
6117	0
6118	438
6119	0
6120	0
6121	0
6122	0
6123	0
6124	1
6125	600
6126	0
6127	0
6128	0
6129	1
6130	0
6131	0
6132	0
6133	0
6134	1
6135	1
6136	0
6137	0
6138	0
6139	0
6140	0
6141	0
6142	16
6143	1
6144	1
6145	0
6146	600
6147	108
6148	0
6149	600
6150	0
6151	0
6152	600
6153	0
6154	0
6155	0
6156	0
6157	0
6158	11
6159	96
6160	0
6161	0
6162	0
6163	0
6164	0
6165	1
6166	600
6167	1
6168	0
6169	1
6170	0
6171	3
6172	0
6173	0
6174	0
6175	0
6176	0
6177	0
6178	0
6179	0
6180	10
6181	0
6182	0
6183	1
6184	0
6185	0
6186	0
6187	0
6188	0
6189	0
6190	0
6191	0
6192	0
6193	71
6194	0
6195	1
6196	0
6197	600
6198	1
6199	0
6200	1
6201	0
6202	1
6203	0
6204	600
6205	0
6206	0
6207	0
6208	1
6209	252
6210	0
6211	0
6212	0
6213	600
6214	0
6215	0
6216	600
6217	1
6218	0
6219	0
6220	0
6221	0
6222	1
6223	0
6224	600
6225	0
6226	1
6227	0
6228	0
6229	0
6230	0
6231	1
6232	600
6233	600
6234	600
6235	0
6236	0
6237	600
6238	15
6239	0
6240	1
6241	0
6242	2
6243	600
6244	1
6245	0
6246	0
6247	1
6248	0
6249	0
6250	7
6251	577
6252	6
6253	0
6254	0
6255	2
6256	0
6257	0
6258	120
6259	0
6260	1
6261	0
6262	0
6263	7
6264	0
6265	591
6266	0
6267	0
6268	0
6269	0
6270	0
6271	600
6272	0
6273	600
6274	0
6275	0
6276	560
6277	15
6278	0
6279	0
6280	590
6281	0
6282	0
6283	470
6284	0
6285	600
6286	0
6287	600
6288	0
6289	0
6290	1
6291	0
6292	0
6293	0
6294	0
6295	8
6296	0
6297	0
6298	1
6299	0
6300	600
6301	0
6302	0
6303	0
6304	8
6305	0
6306	0
6307	1
6308	1
6309	0
6310	15
6311	1
6312	600
6313	3
6314	0
6315	0
6316	0
6317	0
6318	0
6319	600
6320	13
6321	600
6322	0
6323	0
6324	1
6325	600
6326	0
6327	8
6328	13
6329	0
6330	1
6331	600
6332	0
6333	0
6334	1
6335	1
6336	1
6337	0
6338	11
6339	0
6340	1
6341	15
6342	0
6343	0
6344	0
6345	0
6346	0
6347	0
6348	0
6349	0
6350	1
6351	0
6352	0
6353	0
6354	1
6355	0
6356	600
6357	0
6358	0
6359	0
6360	1
6361	0
6362	0
6363	0
6364	1
6365	8
6366	0
6367	0
6368	1
6369	15
6370	1
6371	0
6372	0
6373	15
6374	1
6375	0
6376	0
6377	600
6378	1
6379	3
6380	0
6381	0
6382	0
6383	0
6384	0
6385	1
6386	0
6387	0
6388	0
6389	1
6390	0
6391	1
6392	0
6393	1
6394	0
6395	600
6396	0
6397	600
6398	0
6399	0
6400	565
6401	600
6402	600
6403	0
6404	1
6405	3
6406	0
6407	0
6408	0
6409	0
6410	600
6411	1
6412	0
6413	0
6414	0
6415	600
6416	563
6417	1
6418	0
6419	0
6420	0
6421	15
6422	0
6423	0
6424	0
6425	0
6426	0
6427	600
6428	0
6429	0
6430	0
6431	0
6432	0
6433	0
6434	341
6435	600
6436	1
6437	0
6438	0
6439	0
6440	1
6441	0
6442	0
6443	1
6444	0
6445	0
6446	0
6447	1
6448	0
6449	1
6450	0
6451	9
6452	0
6453	0
6454	0
6455	0
6456	0
6457	0
6458	147
6459	0
6460	1
6461	600
6462	600
6463	600
6464	0
6465	0
6466	600
6467	600
6468	0
6469	2
6470	0
6471	3
6472	0
6473	1
6474	0
6475	0
6476	0
6477	0
6478	1
6479	0
6480	0
6481	0
6482	0
6483	2
6484	0
6485	0
6486	0
6487	600
6488	0
6489	0
6490	0
6491	2
6492	0
6493	1
6494	600
6495	600
6496	0
6497	0
6498	0
6499	0
6500	0
6501	0
6502	0
6503	0
6504	0
6505	600
6506	0
6507	1
6508	0
6509	0
6510	26
6511	0
6512	600
6513	0
6514	600
6515	0
6516	553
6517	0
6518	0
6519	0
6520	0
6521	0
6522	0
6523	0
6524	0
6525	210
6526	225
6527	0
6528	0
6529	1
6530	0
6531	0
6532	0
6533	0
6534	0
6535	0
6536	8
6537	1
6538	11
6539	9
6540	0
6541	3
6542	1
6543	0
6544	15
6545	0
6546	1
6547	0
6548	1
6549	0
6550	0
6551	1
6552	1
6553	7
6554	0
6555	600
6556	0
6557	0
6558	600
6559	0
6560	0
6561	0
6562	0
6563	0
6564	0
6565	0
6566	600
6567	600
6568	7
6569	1
6570	0
6571	0
6572	0
6573	600
6574	0
6575	0
6576	0
6577	0
6578	0
6579	1
6580	600
6581	0
6582	0
6583	0
6584	0
6585	1
6586	13
6587	0
6588	600
6589	0
6590	1
6591	0
6592	15
6593	1
6594	0
6595	1
6596	0
6597	0
6598	0
6599	0
6600	600
6601	0
6602	0
6603	0
6604	0
6605	600
6606	0
6607	74
6608	0
6609	0
6610	600
6611	0
6612	0
6613	0
6614	0
6615	600
6616	0
6617	0
6618	0
6619	0
6620	0
6621	0
6622	0
6623	0
6624	600
6625	0
6626	0
6627	0
6628	1
6629	0
6630	0
6631	600
6632	0
6633	0
6634	2
6635	0
6636	0
6637	600
6638	0
6639	1
6640	0
6641	0
6642	600
6643	0
6644	0
6645	0
6646	588
6647	0
6648	0
6649	0
6650	0
6651	0
6652	15
6653	0
6654	600
6655	0
6656	600
6657	0
6658	0
6659	600
6660	13
6661	8
6662	15
6663	600
6664	0
6665	13
6666	0
6667	600
6668	0
6669	0
6670	1
6671	0
6672	0
6673	1
6674	0
6675	0
6676	0
6677	0
6678	0
6679	0
6680	0
6681	7
6682	0
6683	600
6684	0
6685	600
6686	0
6687	0
6688	0
6689	1
6690	13
6691	0
6692	0
6693	585
6694	600
6695	0
6696	600
6697	6
6698	1
6699	600
6700	0
6701	0
6702	0
6703	0
6704	3
6705	3
6706	0
6707	12
6708	0
6709	600
6710	0
6711	600
6712	1
6713	0
6714	0
6715	0
6716	1
6717	0
6718	1
6719	2
6720	145
6721	0
6722	0
6723	0
6724	598
6725	0
6726	0
6727	132
6728	1
6729	0
6730	10
6731	0
6732	0
6733	11
6734	600
6735	20
6736	600
6737	0
6738	600
6739	600
6740	0
6741	0
6742	8
6743	2
6744	1
6745	600
6746	0
6747	1
6748	1
6749	0
6750	0
6751	600
6752	0
6753	0
6754	0
6755	0
6756	122
6757	600
6758	1
6759	0
6760	600
6761	1
6762	600
6763	600
6764	0
6765	600
6766	0
6767	0
6768	0
6769	600
6770	0
6771	1
6772	1
6773	0
6774	0
6775	0
6776	600
6777	17
6778	1
6779	4
6780	0
6781	597
6782	499
6783	600
6784	1
6785	0
6786	1
6787	600
6788	0
6789	600
6790	0
6791	0
6792	0
6793	1
6794	0
6795	124
6796	0
6797	600
6798	0
6799	0
6800	1
6801	0
6802	600
6803	3
6804	0
6805	600
6806	0
6807	0
6808	0
6809	0
6810	0
6811	1
6812	0
6813	600
6814	0
6815	0
6816	0
6817	0
6818	0
6819	0
6820	5
6821	600
6822	1
6823	0
6824	8
6825	600
6826	600
6827	0
6828	0
6829	1
6830	0
6831	0
6832	0
6833	0
6834	11
6835	1
6836	4
6837	0
6838	4
6839	6
6840	0
6841	13
6842	11
6843	15
