0	0
1	0
2	0
3	0
4	0
5	0
6	0
7	0
8	0
9	0
10	0
11	0
12	9
13	0
14	0
15	0
16	1
17	1
18	0
19	1
20	1
21	1
22	0
23	0
24	0
25	0
26	0
27	0
28	0
29	0
30	2
31	0
32	0
33	0
34	0
35	0
36	0
37	2
38	0
39	1
40	0
41	0
42	0
43	0
44	0
45	0
46	0
47	0
48	0
49	0
50	0
51	0
52	0
53	0
54	0
55	1
56	0
57	0
58	0
59	0
60	0
61	1
62	0
63	1
64	0
65	73
66	0
67	0
68	1
69	0
70	0
71	4
72	0
73	0
74	0
75	0
76	0
77	0
78	0
79	0
80	0
81	0
82	0
83	0
84	0
85	0
86	0
87	0
88	0
89	0
90	0
91	0
92	0
93	0
94	0
95	89
96	0
97	0
98	1
99	0
100	0
101	0
102	0
103	0
104	0
105	0
106	0
107	0
108	1
109	0
110	0
111	1
112	0
113	1
114	0
115	0
116	1
117	0
118	0
119	0
120	0
121	0
122	0
123	1
124	1
125	1
126	0
127	0
128	0
129	1
130	0
131	0
132	1
133	0
134	0
135	0
136	0
137	0
138	2
139	1
140	1
141	0
142	0
143	3
144	0
145	0
146	0
147	0
148	0
149	1
150	0
151	0
152	9
153	0
154	0
155	0
156	0
157	2
158	1
159	1
160	0
161	0
162	0
163	0
164	0
165	0
166	0
167	0
168	0
169	0
170	0
171	0
172	0
173	0
174	0
175	0
176	0
177	0
178	0
179	6
180	0
181	0
182	0
183	0
184	0
185	0
186	0
187	0
188	0
189	0
190	0
191	89
192	2
193	0
194	0
195	0
196	0
197	0
198	2
199	0
200	1
201	0
202	1
203	1
204	0
205	9
206	0
207	1
208	0
209	0
210	0
211	0
212	0
213	0
214	0
215	0
216	0
217	1
218	0
219	1
220	0
221	0
222	1
223	0
224	1
225	0
226	0
227	0
228	0
229	1
230	0
231	0
232	0
233	1
234	2
235	0
236	0
237	0
238	0
239	0
240	1
241	0
242	0
243	0
244	0
245	0
246	1
247	1
248	0
249	0
250	2
251	1
252	1
253	0
254	0
255	0
256	0
257	0
258	0
259	0
260	0
261	0
262	1
263	0
264	0
265	0
266	0
267	1
268	0
269	89
270	1
271	0
272	0
273	1
274	0
275	0
276	1
277	1
278	1
279	0
280	1
281	0
282	0
283	0
284	0
285	0
286	0
287	0
288	1
289	0
290	0
291	1
292	0
293	0
294	0
295	0
296	0
297	0
298	0
299	1
300	0
301	0
302	1
303	0
304	0
305	0
306	0
307	0
308	0
309	0
310	0
311	0
312	0
313	1
314	0
315	0
316	0
317	0
318	1
319	0
320	0
321	0
322	1
323	1
324	0
325	0
326	0
327	1
328	0
329	0
330	0
331	0
332	0
333	1
334	1
335	1
336	1
337	0
338	0
339	0
340	9
341	0
342	0
343	0
344	0
345	0
346	2
347	1
348	1
349	0
350	1
351	0
352	1
353	0
354	0
355	0
356	0
357	0
358	0
359	0
360	0
361	0
362	0
363	0
364	0
365	0
366	0
367	0
368	6
369	0
370	0
371	0
372	0
373	0
374	0
375	0
376	0
377	0
378	1
379	0
380	0
381	0
382	0
383	0
384	0
385	0
386	0
387	0
388	0
389	1
390	0
391	0
392	1
393	1
394	0
395	1
396	0
397	0
398	0
399	0
400	0
401	0
402	0
403	0
404	0
405	0
406	0
407	0
408	0
409	0
410	0
411	0
412	0
413	1
414	0
415	0
416	0
417	0
418	0
419	0
420	0
421	1
422	0
423	0
424	0
425	0
426	0
427	0
428	0
429	0
430	0
431	1
432	0
433	1
434	0
435	0
436	0
437	0
438	0
439	0
440	0
441	0
442	0
443	0
444	0
445	0
446	0
447	0
448	0
449	0
450	0
451	0
452	0
453	0
454	0
455	1
456	0
457	0
458	0
459	0
460	0
461	0
462	0
463	0
464	0
465	0
466	0
467	1
468	0
469	0
470	0
471	3
472	0
473	0
474	0
475	0
476	8
477	0
478	0
479	1
480	1
481	0
482	1
483	0
484	0
485	0
486	0
487	0
488	1
489	0
490	0
491	1
492	0
493	1
494	0
495	0
496	0
497	0
498	0
499	0
500	0
501	0
502	1
503	0
504	0
505	0
506	1
507	0
508	0
509	0
510	1
511	0
512	0
513	0
514	0
515	0
516	1
517	0
518	1
519	0
520	0
521	0
522	0
523	0
524	1
525	0
526	1
527	0
528	0
529	0
530	0
531	1
532	0
533	1
534	1
535	0
536	0
537	0
538	0
539	0
540	1
541	0
542	0
543	0
544	0
545	0
546	1
547	0
548	0
549	0
550	0
551	0
552	0
553	0
554	0
555	9
556	0
557	1
558	0
559	0
560	0
561	1
562	0
563	10
564	1
565	1
566	0
567	1
568	0
569	0
570	0
571	0
572	0
573	0
574	0
575	0
576	0
577	7
578	0
579	0
580	0
581	0
582	1
583	0
584	0
585	0
586	0
587	0
588	0
589	0
590	0
591	0
592	0
593	0
594	0
595	0
596	0
597	0
598	0
599	0
600	0
601	0
602	0
603	0
604	0
605	0
606	1
607	0
608	0
609	1
610	0
611	1
612	0
613	0
614	0
615	0
616	0
617	0
618	0
619	0
620	0
621	0
622	0
623	0
624	1
625	0
626	0
627	1
628	0
629	1
630	0
631	0
632	0
633	0
634	0
635	0
636	0
637	0
638	1
639	1
640	0
641	9
642	0
643	0
644	0
645	0
646	0
647	0
648	0
649	0
650	0
651	1
652	0
653	0
654	0
655	0
656	0
657	1
658	0
659	89
660	0
661	0
662	0
663	0
664	0
665	1
666	0
667	0
668	0
669	0
670	0
671	1
672	1
673	0
674	0
675	0
676	0
677	1
678	0
679	0
680	0
681	0
682	0
683	0
684	1
685	0
686	0
687	0
688	0
689	0
690	0
691	0
692	9
693	0
694	0
695	1
696	0
697	0
698	0
699	0
700	0
701	0
702	0
703	0
704	1
705	0
706	0
707	1
708	1
709	0
710	0
711	0
712	0
713	0
714	0
715	0
716	0
717	1
718	0
719	0
720	0
721	0
722	0
723	1
724	89
725	0
726	1
727	0
728	0
729	0
730	0
731	0
732	0
733	0
734	0
735	0
736	0
737	0
738	0
739	0
740	0
741	0
742	1
743	89
744	1
745	0
746	1
747	0
748	1
749	1
750	0
751	0
752	1
753	1
754	0
755	0
756	0
757	0
758	0
759	0
760	0
761	0
762	0
763	0
764	0
765	0
766	0
767	1
768	0
769	0
770	0
771	1
772	0
773	1
774	1
775	1
776	0
777	0
778	0
779	0
780	0
781	0
782	0
783	0
784	0
785	0
786	0
787	0
788	0
789	0
790	0
791	0
792	1
793	0
794	0
795	0
796	0
797	0
798	0
799	0
800	0
801	0
802	0
803	0
804	0
805	0
806	0
807	0
808	0
809	0
810	0
811	1
812	1
813	2
814	0
815	0
816	0
817	0
818	0
819	0
820	6
821	0
822	1
823	0
824	0
825	1
826	0
827	0
828	0
829	0
830	0
831	1
832	0
833	0
834	1
835	0
836	0
837	1
838	0
839	0
840	0
841	0
842	0
843	0
844	0
845	0
846	0
847	0
848	1
849	0
850	0
851	0
852	0
853	1
854	0
855	0
856	2
857	0
858	0
859	0
860	0
861	1
862	0
863	0
864	0
865	1
866	0
867	0
868	0
869	12
870	0
871	0
872	0
873	1
874	1
875	0
876	1
877	1
878	1
879	1
880	0
881	0
882	0
883	1
884	0
885	1
886	2
887	0
888	1
889	0
890	1
891	0
892	0
893	0
894	0
895	0
896	0
897	0
898	0
899	0
900	0
901	0
902	0
903	1
904	0
905	1
906	1
907	0
908	0
909	1
910	0
911	0
912	0
913	0
914	1
915	0
916	0
917	0
918	0
919	0
920	0
921	0
922	0
923	0
924	0
925	1
926	0
927	0
928	1
929	1
930	0
931	0
932	0
933	0
934	0
935	0
936	0
937	0
938	0
939	0
940	0
941	0
942	0
943	0
944	2
945	0
946	1
947	1
948	0
949	1
950	0
951	0
952	0
953	0
954	1
955	9
956	0
957	0
958	0
959	0
960	0
961	0
962	0
963	0
964	0
965	1
966	1
967	0
968	0
969	0
970	0
971	0
972	0
973	0
974	0
975	0
976	0
977	0
978	0
979	0
980	0
981	4
982	0
983	0
984	1
985	0
986	0
987	0
988	0
989	0
990	0
991	0
992	0
993	0
994	89
995	58
996	8
997	1
998	1
999	0
1000	0
1001	0
1002	0
1003	0
1004	0
1005	1
1006	2
1007	0
1008	0
1009	1
1010	3
1011	1
1012	1
1013	0
1014	0
1015	0
1016	0
1017	0
1018	1
1019	1
1020	1
1021	0
1022	0
1023	0
1024	0
1025	0
1026	0
1027	0
1028	2
1029	0
1030	0
1031	1
1032	0
1033	0
1034	1
1035	0
1036	0
1037	0
1038	0
1039	0
1040	0
1041	0
1042	1
1043	0
1044	0
1045	0
1046	1
1047	0
1048	0
1049	0
1050	0
1051	0
1052	0
1053	1
1054	0
1055	1
1056	1
1057	0
1058	1
1059	0
1060	0
1061	0
1062	0
1063	1
1064	0
1065	0
1066	1
1067	0
1068	1
1069	0
1070	0
1071	0
1072	0
1073	0
1074	0
1075	0
1076	2
1077	0
1078	1
1079	0
1080	0
1081	0
1082	0
1083	0
1084	0
1085	1
1086	0
1087	0
1088	0
1089	89
1090	0
1091	2
1092	2
1093	1
1094	0
1095	0
1096	0
1097	1
1098	0
1099	1
1100	1
1101	1
1102	12
1103	0
1104	0
1105	0
1106	0
1107	0
1108	0
1109	0
1110	0
1111	0
1112	0
1113	0
1114	0
1115	1
1116	0
1117	0
1118	1
1119	0
1120	0
1121	1
1122	0
1123	0
1124	1
1125	0
1126	0
1127	0
1128	1
1129	0
1130	0
1131	0
1132	0
1133	1
1134	1
1135	0
1136	0
1137	0
1138	0
1139	1
1140	1
1141	0
1142	1
1143	4
1144	2
1145	0
1146	0
1147	0
1148	0
1149	0
1150	0
1151	5
1152	0
1153	0
1154	0
1155	0
1156	0
1157	1
1158	0
1159	0
1160	1
1161	1
1162	0
1163	0
1164	0
1165	0
1166	0
1167	0
1168	0
1169	0
1170	0
1171	0
1172	0
1173	1
1174	0
1175	0
1176	0
1177	0
1178	0
1179	0
1180	0
1181	0
1182	0
1183	0
1184	1
1185	0
1186	0
1187	0
1188	0
1189	0
1190	0
1191	0
1192	1
1193	0
1194	1
1195	0
1196	0
1197	0
1198	0
1199	0
1200	0
1201	1
1202	0
1203	0
1204	0
1205	1
1206	0
1207	0
1208	0
1209	1
1210	1
1211	0
1212	1
1213	0
1214	0
1215	0
1216	0
1217	0
1218	0
1219	1
1220	0
1221	20
1222	0
1223	0
1224	0
1225	0
1226	0
1227	0
1228	0
1229	0
1230	0
1231	1
1232	4
1233	0
1234	0
1235	0
1236	0
1237	0
1238	1
1239	0
1240	0
1241	0
1242	0
1243	0
1244	0
1245	0
1246	1
1247	1
1248	9
1249	0
1250	0
1251	0
1252	0
1253	0
1254	0
1255	0
1256	0
1257	0
1258	0
1259	0
1260	1
1261	0
1262	0
1263	0
1264	0
1265	0
1266	0
1267	0
1268	0
1269	0
1270	0
1271	1
1272	0
1273	1
1274	1
1275	0
1276	1
1277	0
1278	0
1279	0
1280	0
1281	64
1282	0
1283	0
1284	0
1285	1
1286	0
1287	0
1288	1
1289	0
1290	0
1291	1
1292	0
1293	0
1294	89
1295	0
1296	0
1297	0
1298	0
1299	0
1300	1
1301	0
1302	0
1303	0
1304	0
1305	0
1306	9
1307	1
1308	0
1309	0
1310	0
1311	0
1312	0
1313	0
1314	1
1315	0
1316	0
1317	0
1318	1
1319	0
1320	0
1321	0
1322	0
1323	0
1324	0
1325	1
1326	0
1327	0
1328	1
1329	0
1330	0
1331	0
1332	1
1333	1
1334	0
1335	1
1336	0
1337	0
1338	0
1339	0
1340	0
1341	0
1342	1
1343	0
1344	0
1345	0
1346	1
1347	0
1348	0
1349	0
1350	1
1351	0
1352	0
1353	1
1354	0
1355	0
1356	1
1357	1
1358	0
1359	0
1360	0
1361	0
1362	0
1363	0
1364	0
1365	0
1366	1
1367	0
1368	0
1369	0
1370	0
1371	12
1372	0
1373	0
1374	0
1375	0
1376	1
1377	0
1378	0
1379	0
1380	0
1381	0
1382	0
1383	0
1384	0
1385	0
1386	0
1387	0
1388	1
1389	0
1390	0
1391	0
1392	1
1393	0
1394	1
1395	0
1396	1
1397	0
1398	1
1399	0
1400	0
1401	0
1402	0
1403	0
1404	0
1405	0
1406	0
1407	0
1408	0
1409	0
1410	0
1411	1
1412	0
1413	1
1414	0
1415	0
1416	0
1417	0
1418	2
1419	0
1420	0
1421	0
1422	0
1423	1
1424	1
1425	0
1426	0
1427	0
1428	0
1429	0
1430	0
1431	0
1432	0
1433	0
1434	0
1435	0
1436	1
1437	0
1438	0
1439	0
1440	1
1441	0
1442	1
1443	0
1444	1
1445	1
1446	0
1447	1
1448	0
1449	0
1450	0
1451	1
1452	0
1453	0
1454	0
1455	1
1456	0
1457	0
1458	0
1459	0
1460	0
1461	1
1462	0
1463	1
1464	0
1465	0
1466	0
1467	0
1468	0
1469	0
1470	0
1471	0
1472	1
1473	0
1474	0
1475	0
1476	0
1477	0
1478	0
1479	0
1480	1
1481	0
1482	0
1483	0
1484	9
1485	0
1486	0
1487	0
1488	0
1489	0
1490	0
1491	0
1492	0
1493	0
1494	1
1495	0
1496	1
1497	0
1498	0
1499	0
1500	0
1501	0
1502	0
1503	0
1504	0
1505	0
1506	0
1507	0
1508	1
1509	0
1510	0
1511	0
1512	1
1513	0
1514	0
1515	0
1516	1
1517	0
1518	0
1519	0
1520	0
1521	0
1522	0
1523	1
1524	0
1525	0
1526	0
1527	0
1528	0
1529	0
1530	0
1531	0
1532	0
1533	0
1534	0
1535	0
1536	0
1537	0
1538	0
1539	0
1540	0
1541	0
1542	89
1543	0
1544	0
1545	0
1546	0
1547	1
1548	0
1549	0
1550	1
1551	0
1552	0
1553	0
1554	1
1555	0
1556	0
1557	0
1558	0
1559	1
1560	0
1561	0
1562	0
1563	1
1564	0
1565	0
1566	0
1567	0
1568	89
1569	0
1570	0
1571	0
1572	0
1573	0
1574	0
1575	0
1576	0
1577	0
1578	0
1579	0
1580	0
1581	0
1582	0
1583	0
1584	4
1585	89
1586	0
1587	1
1588	1
1589	0
1590	1
1591	0
1592	0
1593	0
1594	0
1595	0
1596	0
1597	0
1598	0
1599	0
1600	0
1601	0
1602	0
1603	0
1604	0
1605	0
1606	0
1607	0
1608	0
1609	0
1610	0
1611	0
1612	1
1613	0
1614	0
1615	0
1616	0
1617	0
1618	0
1619	0
1620	0
1621	0
1622	0
1623	0
1624	1
1625	1
1626	0
1627	1
1628	0
1629	0
1630	1
1631	1
1632	0
1633	0
1634	0
1635	0
1636	1
1637	0
1638	0
1639	0
1640	9
1641	0
1642	0
1643	0
1644	0
1645	0
1646	10
1647	1
1648	1
1649	0
1650	0
1651	0
1652	1
1653	0
1654	1
1655	0
1656	0
1657	1
1658	0
1659	0
1660	0
1661	0
1662	0
1663	0
1664	0
1665	0
1666	0
1667	0
1668	0
1669	0
1670	0
1671	0
1672	0
1673	0
1674	0
1675	0
1676	0
1677	0
1678	0
1679	0
1680	0
1681	0
1682	1
1683	1
1684	0
1685	0
1686	2
1687	1
1688	1
1689	0
1690	1
1691	0
1692	89
1693	0
1694	0
1695	0
1696	0
1697	0
1698	0
1699	0
1700	0
1701	0
1702	0
1703	1
1704	1
1705	0
1706	0
1707	0
1708	1
1709	0
1710	0
1711	0
1712	0
1713	0
1714	0
1715	0
1716	0
1717	0
1718	0
1719	1
1720	0
1721	0
1722	0
1723	1
1724	0
1725	0
1726	0
1727	0
1728	1
1729	1
1730	0
1731	0
1732	0
1733	0
1734	0
1735	0
1736	0
1737	0
1738	0
1739	0
1740	0
1741	1
1742	0
1743	0
1744	0
1745	1
1746	0
1747	0
1748	0
1749	0
1750	1
1751	0
1752	0
1753	0
1754	1
1755	0
1756	0
1757	0
1758	1
1759	0
1760	1
1761	0
1762	0
1763	0
1764	0
1765	1
1766	0
1767	1
1768	0
1769	0
1770	0
1771	0
1772	0
1773	0
1774	1
1775	1
1776	0
1777	0
1778	0
1779	0
1780	0
1781	0
1782	0
1783	0
1784	1
1785	0
1786	1
1787	0
1788	3
1789	0
1790	0
1791	0
1792	0
1793	0
1794	0
1795	0
1796	0
1797	1
1798	0
1799	0
1800	0
1801	0
1802	0
1803	0
1804	0
1805	1
1806	0
1807	7
1808	34
1809	1
1810	0
1811	7
1812	1
1813	1
1814	0
1815	0
1816	0
1817	0
1818	0
1819	1
1820	0
1821	1
1822	0
1823	0
1824	0
1825	0
1826	1
1827	0
1828	2
1829	0
1830	0
1831	1
1832	0
1833	1
1834	0
1835	0
1836	1
1837	0
1838	0
1839	0
1840	0
1841	0
1842	0
1843	0
1844	0
1845	0
1846	0
1847	0
1848	0
1849	0
1850	1
1851	0
1852	0
1853	0
1854	1
1855	0
1856	0
1857	0
1858	0
1859	0
1860	0
1861	0
1862	0
1863	0
1864	0
1865	1
1866	0
1867	0
1868	0
1869	0
1870	0
1871	0
1872	0
1873	0
1874	0
1875	0
1876	0
1877	0
1878	1
1879	1
1880	0
1881	0
1882	12
1883	1
1884	0
1885	0
1886	0
1887	0
1888	0
1889	0
1890	0
1891	0
1892	0
1893	89
1894	0
1895	0
1896	0
1897	0
1898	0
1899	1
1900	0
1901	2
1902	1
1903	1
1904	0
1905	1
1906	0
1907	0
1908	0
1909	0
1910	1
1911	1
1912	0
1913	1
1914	0
1915	1
1916	0
1917	0
1918	1
1919	0
1920	1
1921	0
1922	0
1923	2
1924	0
1925	0
1926	0
1927	0
1928	0
1929	0
1930	0
1931	0
1932	0
1933	0
1934	1
1935	0
1936	0
1937	5
1938	0
1939	0
1940	0
1941	0
1942	0
1943	0
1944	1
1945	0
1946	0
1947	1
1948	0
1949	0
1950	9
1951	0
1952	0
1953	0
1954	1
1955	0
1956	1
1957	0
1958	0
1959	1
1960	1
1961	0
1962	0
1963	0
1964	0
1965	0
1966	0
1967	0
1968	0
1969	0
1970	0
1971	0
1972	0
1973	0
1974	0
1975	1
1976	0
1977	0
1978	0
1979	0
1980	0
1981	0
1982	0
1983	0
1984	0
1985	0
1986	0
1987	0
1988	0
1989	0
1990	0
1991	1
1992	0
1993	0
1994	1
1995	0
1996	1
1997	0
1998	0
1999	1
2000	0
2001	0
2002	0
2003	0
2004	0
2005	0
2006	0
2007	0
2008	0
2009	0
2010	0
2011	1
2012	1
2013	0
2014	0
2015	1
2016	0
2017	0
2018	0
2019	0
2020	0
2021	0
2022	0
2023	3
2024	0
2025	0
2026	1
2027	0
2028	0
2029	0
2030	0
2031	1
2032	0
2033	1
2034	0
2035	0
2036	0
2037	1
2038	1
2039	1
2040	0
2041	0
2042	0
2043	0
2044	0
2045	0
2046	1
2047	0
2048	0
2049	0
2050	2
2051	0
2052	1
2053	1
2054	1
2055	0
2056	0
2057	0
2058	0
2059	0
2060	0
2061	0
2062	0
2063	0
2064	0
2065	0
2066	32
2067	0
2068	1
2069	0
2070	0
2071	0
2072	0
2073	0
2074	7
2075	0
2076	0
2077	1
2078	1
2079	1
2080	1
2081	0
2082	0
2083	1
2084	1
2085	0
2086	1
2087	0
2088	0
2089	0
2090	0
2091	0
2092	4
2093	0
2094	1
2095	1
2096	1
2097	1
2098	0
2099	1
2100	0
2101	1
2102	1
2103	0
2104	0
2105	0
2106	0
2107	0
2108	0
2109	0
2110	1
2111	0
2112	0
2113	0
2114	1
2115	0
2116	1
2117	0
2118	0
2119	1
2120	0
2121	1
2122	0
2123	0
2124	0
2125	0
2126	1
2127	0
2128	0
2129	0
2130	0
2131	0
2132	0
2133	0
2134	0
2135	0
2136	1
2137	89
2138	0
2139	0
2140	0
2141	0
2142	0
2143	1
2144	0
2145	0
2146	0
2147	0
2148	0
2149	1
2150	1
2151	0
2152	0
2153	1
2154	0
2155	0
2156	0
2157	0
2158	0
2159	0
2160	0
2161	0
2162	1
2163	7
2164	0
2165	0
2166	0
2167	1
2168	0
2169	0
2170	1
2171	1
2172	0
2173	0
2174	0
2175	0
2176	0
2177	0
2178	1
2179	89
2180	0
2181	0
2182	0
2183	0
2184	0
2185	1
2186	0
2187	0
2188	1
2189	1
2190	0
2191	0
2192	0
2193	0
2194	0
2195	0
2196	0
2197	0
2198	0
2199	0
2200	0
2201	0
2202	0
2203	7
2204	1
2205	0
2206	0
2207	0
2208	1
2209	1
2210	0
2211	0
2212	0
2213	0
2214	0
2215	1
2216	0
2217	0
2218	0
2219	0
2220	0
2221	0
2222	0
2223	1
2224	1
2225	1
2226	0
2227	0
2228	1
2229	0
2230	0
2231	0
2232	0
2233	0
2234	0
2235	0
2236	0
2237	0
2238	0
2239	0
2240	0
2241	0
2242	0
2243	0
2244	1
2245	0
2246	0
2247	1
2248	0
2249	1
2250	0
2251	0
2252	0
2253	0
2254	1
2255	1
2256	0
2257	0
2258	0
2259	0
2260	0
2261	0
2262	0
2263	0
2264	0
2265	0
2266	0
2267	0
2268	0
2269	0
2270	0
2271	0
2272	0
2273	0
2274	0
2275	0
2276	0
2277	1
2278	0
2279	1
2280	0
2281	0
2282	0
2283	0
2284	89
2285	0
2286	0
2287	0
2288	0
2289	3
2290	1
2291	1
2292	0
2293	1
2294	0
2295	0
2296	0
2297	0
2298	0
2299	0
2300	0
2301	0
2302	1
2303	0
2304	0
2305	0
2306	0
2307	1
2308	0
2309	1
2310	0
2311	0
2312	0
2313	0
2314	0
2315	0
2316	0
2317	0
2318	0
2319	0
2320	0
2321	0
2322	0
2323	0
2324	0
2325	0
2326	0
2327	68
2328	0
2329	0
2330	0
2331	0
2332	0
2333	1
2334	1
2335	0
2336	0
2337	0
2338	0
2339	10
2340	0
2341	0
2342	1
2343	0
2344	0
2345	0
2346	0
2347	0
2348	0
2349	0
2350	0
2351	0
2352	0
2353	9
2354	1
2355	1
2356	0
2357	0
2358	0
2359	0
2360	1
2361	0
2362	0
2363	0
2364	0
2365	0
2366	0
2367	0
2368	0
2369	0
2370	0
2371	0
2372	0
2373	0
2374	1
2375	89
2376	0
2377	0
2378	0
2379	1
2380	0
2381	0
2382	1
2383	0
2384	0
2385	0
2386	0
2387	0
2388	0
2389	1
2390	0
2391	0
2392	0
2393	0
2394	0
2395	0
2396	0
2397	0
2398	2
2399	0
2400	0
2401	0
2402	0
2403	0
2404	0
2405	0
2406	0
2407	0
2408	0
2409	2
2410	0
2411	0
2412	1
2413	0
2414	1
2415	0
2416	0
2417	0
2418	1
2419	0
2420	0
2421	1
2422	1
2423	1
2424	0
2425	0
2426	0
2427	1
2428	0
2429	0
2430	0
2431	0
2432	0
2433	0
2434	0
2435	0
2436	0
2437	1
2438	0
2439	1
2440	1
2441	0
2442	0
2443	0
2444	0
2445	1
2446	1
2447	0
2448	0
2449	0
2450	0
2451	0
2452	0
2453	0
2454	0
2455	0
2456	0
2457	0
2458	0
2459	0
2460	0
2461	0
2462	0
2463	8
2464	0
2465	0
2466	0
2467	0
2468	0
2469	0
2470	0
2471	0
2472	1
2473	0
2474	86
2475	0
2476	0
2477	0
2478	0
2479	0
2480	0
2481	1
2482	0
2483	0
2484	0
2485	0
2486	0
2487	0
2488	0
2489	0
2490	0
2491	0
2492	0
2493	0
2494	0
2495	0
2496	0
2497	1
2498	0
2499	0
2500	0
2501	0
2502	0
2503	0
2504	0
2505	0
2506	0
2507	0
2508	0
2509	0
2510	1
2511	0
2512	0
2513	0
2514	0
2515	1
2516	0
2517	0
2518	0
2519	0
2520	0
2521	0
2522	0
2523	3
2524	0
2525	0
2526	0
2527	1
2528	0
2529	0
2530	0
2531	0
2532	0
2533	0
2534	1
2535	0
2536	0
2537	0
2538	1
2539	0
2540	0
2541	0
2542	0
2543	0
2544	0
2545	2
2546	0
2547	0
2548	0
2549	0
2550	0
2551	0
2552	0
2553	0
2554	0
2555	0
2556	1
2557	1
2558	3
2559	1
2560	0
2561	0
2562	1
2563	1
2564	1
2565	0
2566	1
2567	0
2568	0
2569	0
2570	0
2571	0
2572	0
2573	0
2574	0
2575	1
2576	0
2577	1
2578	0
2579	0
2580	0
2581	0
2582	1
2583	1
2584	1
2585	1
2586	0
2587	0
2588	1
2589	1
2590	0
2591	0
2592	0
2593	0
2594	0
2595	0
2596	0
2597	0
2598	0
2599	0
2600	0
2601	0
2602	0
2603	0
2604	0
2605	0
2606	0
2607	0
2608	0
2609	0
2610	0
2611	0
2612	1
2613	0
2614	86
2615	80
2616	0
2617	0
2618	0
2619	0
2620	0
2621	0
2622	0
2623	0
2624	0
2625	0
2626	0
2627	1
2628	58
2629	0
2630	0
2631	0
2632	0
2633	0
2634	0
2635	0
2636	0
2637	0
2638	0
2639	0
2640	0
2641	0
2642	0
2643	0
2644	0
2645	0
2646	0
2647	0
2648	0
2649	0
2650	0
2651	0
2652	1
2653	0
2654	2
2655	1
2656	0
2657	0
2658	0
2659	0
2660	0
2661	2
2662	0
2663	0
2664	0
2665	0
2666	0
2667	0
2668	0
2669	0
2670	1
2671	0
2672	0
2673	0
2674	0
2675	2
2676	0
2677	0
2678	0
2679	0
2680	0
2681	0
2682	0
2683	0
2684	0
2685	0
2686	0
2687	0
2688	1
2689	0
2690	0
2691	1
2692	0
2693	4
2694	0
2695	1
2696	0
2697	1
2698	1
2699	0
2700	0
2701	0
2702	0
2703	0
2704	0
2705	1
2706	1
2707	0
2708	0
2709	0
2710	0
2711	1
2712	0
2713	1
2714	0
2715	0
2716	0
2717	0
2718	3
2719	0
2720	3
2721	1
2722	0
2723	0
2724	6
2725	0
2726	0
2727	0
2728	0
2729	0
2730	0
2731	69
2732	0
2733	0
2734	0
2735	1
2736	0
2737	0
2738	0
2739	89
2740	0
2741	1
2742	0
2743	0
2744	0
2745	0
2746	0
2747	1
2748	0
2749	1
2750	0
2751	0
2752	0
2753	0
2754	0
2755	0
2756	0
2757	1
2758	0
2759	20
2760	0
2761	0
2762	0
2763	0
2764	1
2765	0
2766	0
2767	0
2768	0
2769	0
2770	0
2771	0
2772	0
2773	0
2774	0
2775	0
2776	0
2777	0
2778	0
2779	0
2780	1
2781	0
2782	0
2783	0
2784	1
2785	0
2786	0
2787	0
2788	1
2789	0
2790	0
2791	0
2792	0
2793	0
2794	0
2795	0
2796	1
2797	0
2798	0
2799	0
2800	0
2801	0
2802	0
2803	0
2804	0
2805	0
2806	0
2807	89
2808	1
2809	0
2810	0
2811	1
2812	0
2813	1
2814	0
2815	0
2816	0
2817	0
2818	0
2819	0
2820	0
2821	0
2822	1
2823	0
2824	0
2825	0
2826	87
2827	0
2828	0
2829	0
2830	2
2831	1
2832	0
2833	1
2834	1
2835	2
2836	0
2837	0
2838	0
2839	0
2840	1
2841	1
2842	0
2843	0
2844	0
2845	0
2846	0
2847	0
2848	0
2849	0
2850	0
2851	1
2852	11
2853	0
2854	0
2855	0
2856	0
2857	1
2858	0
2859	1
2860	1
2861	0
2862	1
2863	0
2864	1
2865	0
2866	0
2867	1
2868	0
2869	0
2870	1
2871	0
2872	0
2873	0
2874	0
2875	0
2876	0
2877	0
2878	1
2879	0
2880	0
2881	0
2882	1
2883	1
2884	0
2885	1
2886	0
2887	0
2888	0
2889	0
2890	0
2891	0
2892	0
2893	0
2894	0
2895	0
2896	2
2897	5
2898	1
2899	20
2900	0
2901	0
2902	0
2903	89
2904	0
2905	0
2906	0
2907	0
2908	0
2909	0
2910	0
2911	0
2912	0
2913	0
2914	0
2915	0
2916	0
2917	0
2918	0
2919	1
2920	0
2921	0
2922	3
2923	1
2924	3
2925	1
2926	0
2927	0
2928	0
2929	0
2930	0
2931	0
2932	0
2933	0
2934	0
2935	0
2936	1
2937	0
2938	1
2939	0
2940	0
2941	0
2942	0
2943	0
2944	1
2945	0
2946	0
2947	0
2948	0
2949	0
2950	0
2951	0
2952	0
2953	0
2954	0
2955	0
2956	0
2957	1
2958	0
2959	0
2960	0
2961	1
2962	1
2963	0
2964	0
2965	0
2966	0
2967	0
2968	0
2969	0
2970	0
2971	0
2972	0
2973	0
2974	0
2975	0
2976	1
2977	0
2978	0
2979	1
2980	1
2981	1
2982	0
2983	0
2984	1
2985	0
2986	1
2987	0
2988	0
2989	0
2990	0
2991	0
2992	0
2993	0
2994	0
2995	0
2996	9
2997	0
2998	0
2999	0
3000	1
3001	0
3002	1
3003	1
3004	0
3005	0
3006	0
3007	0
3008	0
3009	1
3010	0
3011	0
3012	0
3013	0
3014	0
3015	0
3016	0
3017	1
3018	0
3019	0
3020	2
3021	0
3022	89
3023	88
3024	0
3025	0
3026	2
3027	0
3028	0
3029	0
3030	0
3031	0
3032	0
3033	0
3034	0
3035	0
3036	0
3037	0
3038	0
3039	1
3040	3
3041	0
3042	0
3043	0
3044	0
3045	0
3046	0
3047	0
3048	1
3049	0
3050	0
3051	1
3052	1
3053	1
3054	0
3055	0
3056	0
3057	0
3058	0
3059	0
3060	0
3061	1
3062	0
3063	0
3064	0
3065	0
3066	0
3067	0
3068	0
3069	1
3070	0
3071	0
3072	0
3073	0
3074	0
3075	0
3076	1
3077	0
3078	0
3079	0
3080	1
3081	1
3082	0
3083	0
3084	0
3085	1
3086	1
3087	0
3088	0
3089	89
3090	0
3091	2
3092	0
3093	0
3094	0
3095	0
3096	0
3097	0
3098	0
3099	0
3100	1
3101	0
3102	0
3103	0
3104	2
3105	0
3106	0
3107	1
3108	0
3109	0
3110	0
3111	0
3112	0
3113	0
3114	0
3115	0
3116	0
3117	8
3118	0
3119	0
3120	0
3121	0
3122	0
3123	0
3124	0
3125	0
3126	0
3127	0
3128	0
3129	0
3130	0
3131	0
3132	0
3133	0
3134	0
3135	39
3136	0
3137	1
3138	0
3139	1
3140	0
3141	0
3142	0
3143	89
3144	1
3145	0
3146	1
3147	0
3148	0
3149	0
3150	0
3151	0
3152	0
3153	0
3154	0
3155	0
3156	0
3157	0
3158	0
3159	0
3160	0
3161	1
3162	1
3163	0
3164	1
3165	0
3166	0
3167	1
3168	0
3169	0
3170	0
3171	0
3172	0
3173	1
3174	1
3175	0
3176	1
3177	0
3178	1
3179	0
3180	0
3181	0
3182	1
3183	0
3184	0
3185	0
3186	0
3187	1
3188	0
3189	0
3190	0
3191	0
3192	0
3193	1
3194	0
3195	1
3196	2
3197	0
3198	0
3199	1
3200	1
3201	1
3202	1
3203	2
3204	0
3205	1
3206	0
3207	0
3208	1
3209	0
3210	0
3211	0
3212	0
3213	0
3214	1
3215	0
3216	0
3217	0
3218	0
3219	0
3220	0
3221	0
3222	0
3223	0
3224	72
3225	0
3226	1
3227	1
3228	78
3229	0
3230	1
3231	0
3232	0
3233	0
3234	0
3235	1
3236	0
3237	0
3238	0
3239	0
3240	0
3241	0
3242	0
3243	0
3244	0
3245	0
3246	1
3247	0
3248	0
3249	0
3250	0
3251	0
3252	0
3253	0
3254	0
3255	0
3256	0
3257	0
3258	0
3259	0
3260	0
3261	1
3262	0
3263	1
3264	0
3265	1
3266	0
3267	0
3268	0
3269	0
3270	0
3271	0
3272	0
3273	0
3274	0
3275	1
3276	1
3277	1
3278	0
3279	64
3280	1
3281	0
3282	0
3283	0
3284	0
3285	0
3286	0
3287	0
3288	0
3289	0
3290	1
3291	0
3292	0
3293	0
3294	1
3295	0
3296	1
3297	0
3298	0
3299	1
3300	0
3301	0
3302	0
3303	1
3304	1
3305	0
3306	1
3307	0
3308	0
3309	0
3310	0
3311	0
3312	0
3313	0
3314	0
3315	0
3316	0
3317	1
3318	0
3319	0
3320	0
3321	0
3322	0
3323	0
3324	0
3325	1
3326	0
3327	0
3328	0
3329	0
3330	0
3331	0
3332	0
3333	0
3334	1
3335	12
3336	0
3337	0
3338	0
3339	1
3340	0
3341	0
3342	0
3343	0
3344	1
3345	5
3346	0
3347	0
3348	0
3349	1
3350	20
3351	0
3352	0
3353	0
3354	1
3355	0
3356	9
3357	0
3358	0
3359	0
3360	0
3361	0
3362	1
3363	0
3364	1
3365	1
3366	0
3367	0
3368	1
3369	0
3370	0
3371	0
3372	0
3373	0
3374	0
3375	0
3376	0
3377	0
3378	0
3379	1
3380	0
3381	0
3382	0
3383	0
3384	0
3385	0
3386	0
3387	0
3388	0
3389	0
3390	0
3391	0
3392	0
3393	60
3394	9
3395	0
3396	0
3397	0
3398	0
3399	0
3400	0
3401	0
3402	0
3403	0
3404	0
3405	0
3406	0
3407	0
3408	0
3409	0
3410	0
3411	0
3412	0
3413	0
3414	1
3415	0
3416	0
3417	1
3418	0
3419	1
3420	0
3421	0
3422	1
3423	1
3424	0
3425	1
3426	0
3427	0
3428	1
3429	0
3430	0
3431	0
3432	0
3433	0
3434	0
3435	0
3436	0
3437	0
3438	0
3439	0
3440	0
3441	0
3442	1
3443	0
3444	0
3445	0
3446	0
3447	1
3448	0
3449	1
3450	1
3451	0
3452	0
3453	0
3454	1
3455	0
3456	0
3457	0
3458	0
3459	1
3460	0
3461	0
3462	0
3463	0
3464	1
3465	0
3466	0
3467	0
3468	0
3469	0
3470	0
3471	0
3472	0
3473	2
3474	1
3475	1
3476	1
3477	1
3478	0
3479	0
3480	1
3481	0
3482	0
3483	0
3484	0
3485	0
3486	0
3487	0
3488	0
3489	0
3490	0
3491	0
3492	0
3493	0
3494	0
3495	0
3496	0
3497	0
3498	0
3499	0
3500	0
3501	1
3502	1
3503	1
3504	0
3505	0
3506	0
3507	0
3508	0
3509	0
3510	0
3511	0
3512	0
3513	1
3514	0
3515	0
3516	0
3517	0
3518	0
3519	0
3520	1
3521	0
3522	0
3523	1
3524	1
3525	0
3526	0
3527	0
3528	0
3529	1
3530	0
3531	0
3532	0
3533	0
3534	0
3535	0
3536	0
3537	89
3538	0
3539	0
3540	0
3541	1
3542	0
3543	0
3544	0
3545	0
3546	0
3547	1
3548	1
3549	0
3550	1
3551	1
3552	0
3553	0
3554	0
3555	0
3556	0
3557	0
3558	0
3559	0
3560	0
3561	0
3562	0
3563	0
3564	0
3565	0
3566	0
3567	0
3568	0
3569	0
3570	1
3571	0
3572	0
3573	0
3574	0
3575	0
3576	1
3577	0
3578	1
3579	0
3580	0
3581	0
3582	0
3583	0
3584	1
3585	0
3586	0
3587	0
3588	0
3589	0
3590	0
3591	0
3592	0
3593	0
3594	0
3595	0
3596	1
3597	1
3598	0
3599	9
3600	1
3601	0
3602	0
3603	1
3604	0
3605	0
3606	1
3607	0
3608	0
3609	0
3610	0
3611	0
3612	0
3613	0
3614	1
3615	1
3616	0
3617	0
3618	1
3619	89
3620	0
3621	0
3622	0
3623	1
3624	0
3625	0
3626	0
3627	0
3628	0
3629	0
3630	0
3631	0
3632	0
3633	1
3634	0
3635	0
3636	0
3637	0
3638	2
3639	1
3640	0
3641	0
3642	0
3643	0
3644	0
3645	0
3646	0
3647	0
3648	0
3649	0
3650	0
3651	0
3652	0
3653	0
3654	1
3655	0
3656	0
3657	0
3658	9
3659	1
3660	89
3661	1
3662	1
3663	0
3664	1
3665	0
3666	8
3667	0
3668	0
3669	1
3670	0
3671	0
3672	1
3673	0
3674	0
3675	0
3676	0
3677	0
3678	1
3679	0
3680	0
3681	0
3682	1
3683	1
3684	0
3685	1
3686	0
3687	0
3688	0
3689	0
3690	0
3691	0
3692	0
3693	0
3694	0
3695	0
3696	0
3697	0
3698	0
3699	1
3700	0
3701	0
3702	0
3703	2
3704	0
3705	0
3706	0
3707	1
3708	0
3709	0
3710	0
3711	6
3712	0
3713	1
3714	0
3715	1
3716	0
3717	0
3718	0
3719	1
3720	0
3721	0
3722	0
3723	0
3724	0
3725	0
3726	0
3727	0
3728	8
3729	1
3730	0
3731	0
3732	1
3733	0
3734	1
3735	1
3736	0
3737	0
3738	0
3739	0
3740	8
3741	0
3742	0
3743	0
3744	1
3745	0
3746	0
3747	0
3748	0
3749	0
3750	0
3751	0
3752	0
3753	0
3754	1
3755	0
3756	0
3757	0
3758	1
3759	0
3760	0
3761	0
3762	61
3763	10
3764	0
3765	0
3766	0
3767	1
3768	0
3769	1
3770	9
3771	1
3772	0
3773	0
3774	0
3775	0
3776	0
3777	0
3778	0
3779	11
3780	0
3781	1
3782	0
3783	0
3784	0
3785	0
3786	0
3787	0
3788	1
3789	1
3790	0
3791	0
3792	0
3793	0
3794	1
3795	0
3796	0
3797	0
3798	0
3799	0
3800	0
3801	0
3802	0
3803	1
3804	0
3805	0
3806	0
3807	0
3808	0
3809	0
3810	1
3811	1
3812	10
3813	0
3814	0
3815	0
3816	0
3817	0
3818	0
3819	0
3820	0
3821	0
3822	0
3823	0
3824	0
3825	1
3826	0
3827	0
3828	0
3829	0
3830	1
3831	0
3832	0
3833	1
3834	0
3835	0
3836	0
3837	0
3838	0
3839	0
3840	0
3841	0
3842	0
3843	0
3844	1
3845	1
3846	0
3847	0
3848	0
3849	0
3850	0
3851	0
3852	0
3853	0
3854	0
3855	0
3856	0
3857	0
3858	0
3859	0
3860	0
3861	0
3862	0
3863	0
3864	0
3865	0
3866	0
3867	0
3868	0
3869	0
3870	0
3871	0
3872	0
3873	0
3874	2
3875	0
3876	1
3877	1
3878	0
3879	0
3880	0
3881	0
3882	0
3883	0
3884	0
3885	0
3886	1
3887	0
3888	0
3889	0
3890	1
3891	0
3892	0
3893	0
3894	1
3895	0
3896	0
3897	0
3898	0
3899	0
3900	0
3901	0
3902	0
3903	0
3904	0
3905	0
3906	0
3907	0
3908	0
3909	1
3910	0
3911	1
3912	0
3913	1
3914	0
3915	0
3916	0
3917	1
3918	0
3919	0
3920	0
3921	0
3922	0
3923	0
3924	0
3925	0
3926	0
3927	0
3928	1
3929	1
3930	0
3931	0
3932	0
3933	1
3934	0
3935	0
3936	0
3937	0
3938	0
3939	0
3940	20
3941	0
3942	0
3943	0
3944	0
3945	0
3946	0
3947	1
3948	1
3949	0
3950	0
3951	0
3952	1
3953	0
3954	0
3955	0
3956	0
3957	0
3958	0
3959	0
3960	0
3961	0
3962	0
3963	0
3964	2
3965	0
3966	0
3967	0
3968	0
3969	0
3970	1
3971	0
3972	0
3973	1
3974	0
3975	0
3976	0
3977	0
3978	0
3979	0
3980	0
3981	1
3982	1
3983	1
3984	8
3985	0
3986	0
3987	0
3988	1
3989	0
3990	1
3991	1
3992	1
3993	0
3994	0
3995	1
3996	1
3997	0
3998	0
3999	0
4000	0
4001	0
4002	0
4003	0
4004	1
4005	89
4006	1
4007	0
4008	0
4009	0
4010	0
4011	1
4012	0
4013	20
4014	0
4015	0
4016	0
4017	0
4018	0
4019	0
4020	1
4021	0
4022	0
4023	0
4024	0
4025	0
4026	0
4027	0
4028	0
4029	0
4030	0
4031	0
4032	0
4033	2
4034	0
4035	0
4036	1
4037	1
4038	1
4039	0
4040	0
4041	0
4042	0
4043	0
4044	0
4045	0
4046	0
4047	0
4048	0
4049	0
4050	0
4051	0
4052	0
4053	0
4054	0
4055	1
4056	1
4057	0
4058	0
4059	1
4060	0
4061	0
4062	0
4063	0
4064	0
4065	0
4066	0
4067	0
4068	1
4069	0
4070	0
4071	0
4072	0
4073	0
4074	0
4075	0
4076	1
4077	0
4078	0
4079	1
4080	0
4081	0
4082	0
4083	0
4084	0
4085	1
4086	0
4087	0
4088	0
4089	0
4090	1
4091	1
4092	0
4093	0
4094	0
4095	0
4096	0
4097	0
4098	0
4099	0
4100	0
4101	0
4102	1
4103	0
4104	0
4105	0
4106	0
4107	0
4108	1
4109	1
4110	0
4111	0
4112	0
4113	0
4114	2
4115	0
4116	0
4117	0
4118	0
4119	89
4120	0
4121	0
4122	1
4123	0
4124	0
4125	0
4126	0
4127	0
4128	3
4129	0
4130	0
4131	0
4132	0
4133	0
4134	0
4135	0
4136	0
4137	0
4138	0
4139	1
4140	0
4141	1
4142	0
4143	0
4144	0
4145	1
4146	0
4147	0
4148	1
4149	0
4150	0
4151	0
4152	0
4153	0
4154	0
4155	1
4156	0
4157	0
4158	1
4159	0
4160	0
4161	1
4162	6
4163	0
4164	0
4165	0
4166	1
4167	1
4168	1
4169	0
4170	1
4171	1
4172	0
4173	0
4174	0
4175	0
4176	0
4177	0
4178	0
4179	0
4180	0
4181	0
4182	0
4183	1
4184	1
4185	0
4186	0
4187	1
4188	1
4189	0
4190	0
4191	0
4192	0
4193	2
4194	0
4195	1
4196	1
4197	0
4198	0
4199	0
4200	0
4201	0
4202	0
4203	0
4204	1
4205	0
4206	0
4207	0
4208	1
4209	0
4210	1
4211	0
4212	0
4213	0
4214	1
4215	1
4216	0
4217	0
4218	0
4219	0
4220	1
4221	0
4222	0
4223	1
4224	0
4225	0
4226	0
4227	0
4228	0
4229	0
4230	0
4231	0
4232	2
4233	1
4234	0
4235	0
4236	0
4237	1
4238	1
4239	0
4240	0
4241	0
4242	9
4243	1
4244	0
4245	0
4246	0
4247	0
4248	0
4249	0
4250	0
4251	0
4252	1
4253	0
4254	0
4255	0
4256	1
4257	0
4258	1
4259	0
4260	1
4261	87
4262	0
4263	0
4264	0
4265	0
4266	0
4267	0
4268	9
4269	0
4270	0
4271	0
4272	0
4273	1
4274	0
4275	0
4276	0
4277	0
4278	0
4279	0
4280	0
4281	1
4282	0
4283	0
4284	1
4285	1
4286	1
4287	0
4288	0
4289	1
4290	0
4291	0
4292	1
4293	0
4294	0
4295	0
4296	0
4297	1
4298	0
4299	1
4300	0
4301	3
4302	7
4303	1
4304	1
4305	0
4306	0
4307	6
4308	0
4309	0
4310	2
4311	0
4312	0
4313	1
4314	0
4315	3
4316	0
4317	0
4318	1
4319	0
4320	0
4321	0
4322	0
4323	0
4324	0
4325	0
4326	0
4327	0
4328	3
4329	0
4330	0
4331	0
4332	0
4333	0
4334	0
4335	1
4336	1
4337	0
4338	0
4339	0
4340	0
4341	0
4342	0
4343	0
4344	0
4345	0
4346	0
4347	0
4348	0
4349	0
4350	0
4351	1
4352	0
4353	0
4354	0
4355	0
4356	0
4357	1
4358	0
4359	0
4360	0
4361	1
4362	0
4363	0
4364	0
4365	1
4366	1
4367	1
4368	0
4369	0
4370	0
4371	0
4372	1
4373	1
4374	1
4375	0
4376	1
4377	1
4378	0
4379	1
4380	0
4381	0
4382	1
4383	1
4384	0
4385	1
4386	1
4387	0
4388	0
4389	0
4390	0
4391	0
4392	0
4393	0
4394	2
4395	4
4396	0
4397	0
4398	0
4399	1
4400	0
4401	0
4402	0
4403	0
4404	0
4405	0
4406	0
4407	0
4408	0
4409	0
4410	6
4411	0
4412	0
4413	0
4414	1
4415	1
4416	1
4417	1
4418	1
4419	0
4420	1
4421	1
4422	0
4423	0
4424	0
4425	0
4426	1
4427	0
4428	1
4429	0
4430	0
4431	0
4432	0
4433	1
4434	0
4435	0
4436	0
4437	0
4438	1
4439	1
4440	0
4441	1
4442	0
4443	0
4444	0
4445	0
4446	0
4447	0
4448	0
4449	1
4450	0
4451	1
4452	0
4453	2
4454	1
4455	0
4456	0
4457	0
4458	0
4459	0
4460	0
4461	1
4462	0
4463	0
4464	0
4465	0
4466	0
4467	0
4468	1
4469	0
4470	0
4471	0
4472	0
4473	1
4474	0
4475	0
4476	0
4477	0
4478	0
4479	0
4480	0
4481	0
4482	0
4483	1
4484	0
4485	0
4486	0
4487	0
4488	1
4489	0
4490	1
4491	0
4492	0
4493	0
4494	0
4495	0
4496	0
4497	0
4498	0
4499	0
4500	0
4501	0
4502	0
4503	0
4504	0
4505	1
4506	0
4507	0
4508	0
4509	0
4510	0
4511	0
4512	0
4513	0
4514	0
4515	0
4516	0
4517	0
4518	0
4519	1
4520	0
4521	0
4522	1
4523	1
4524	1
4525	1
4526	1
4527	1
4528	1
4529	0
4530	1
4531	1
4532	0
4533	1
4534	0
4535	0
4536	0
4537	1
4538	0
4539	0
4540	1
4541	0
4542	1
4543	0
4544	0
4545	0
4546	1
4547	8
4548	1
4549	1
4550	0
4551	0
4552	0
4553	0
4554	0
4555	2
4556	0
4557	4
4558	0
4559	0
4560	0
4561	1
4562	1
4563	3
4564	1
4565	0
4566	0
4567	0
4568	1
4569	0
4570	1
4571	1
4572	0
4573	0
4574	0
4575	0
4576	0
4577	0
4578	0
4579	0
4580	0
4581	0
4582	0
4583	0
4584	0
4585	0
4586	0
4587	0
4588	0
4589	0
4590	0
4591	1
4592	0
4593	1
4594	0
4595	1
4596	0
4597	0
4598	0
4599	0
4600	0
4601	1
4602	0
4603	0
4604	0
4605	0
4606	0
4607	0
4608	0
4609	0
4610	1
4611	0
4612	0
4613	0
4614	13
4615	1
4616	1
4617	89
4618	0
4619	0
4620	0
4621	0
4622	0
4623	0
4624	1
4625	0
4626	0
4627	0
4628	0
4629	0
4630	0
4631	0
4632	0
4633	0
4634	0
4635	0
4636	0
4637	0
4638	1
4639	1
4640	0
4641	0
4642	0
4643	0
4644	0
4645	0
4646	3
4647	0
4648	0
4649	0
4650	0
4651	0
4652	0
4653	0
4654	0
4655	1
4656	0
4657	8
4658	0
4659	0
4660	0
4661	0
4662	0
4663	1
4664	0
4665	0
4666	0
4667	0
4668	1
4669	0
4670	0
4671	0
4672	0
4673	0
4674	0
4675	0
4676	1
4677	1
4678	1
4679	1
4680	0
4681	7
4682	0
4683	0
4684	0
4685	0
4686	0
4687	0
4688	1
4689	0
4690	0
4691	0
4692	0
4693	0
4694	0
4695	1
4696	1
4697	0
4698	0
4699	0
4700	1
4701	0
4702	1
4703	0
4704	1
4705	0
4706	0
4707	1
4708	1
4709	0
4710	1
4711	0
4712	0
4713	0
4714	0
4715	0
4716	0
4717	0
4718	0
4719	0
4720	0
4721	2
4722	0
4723	0
4724	0
4725	4
4726	1
4727	0
4728	1
4729	0
4730	0
4731	0
4732	0
4733	0
4734	0
4735	1
4736	0
4737	0
4738	0
4739	0
4740	0
4741	0
4742	0
4743	0
4744	0
4745	0
4746	0
4747	0
4748	0
4749	1
4750	1
4751	0
4752	0
4753	0
4754	0
4755	0
4756	0
4757	0
4758	1
4759	0
4760	0
4761	0
4762	0
4763	0
4764	0
4765	1
4766	0
4767	0
4768	1
4769	0
4770	1
4771	0
4772	1
4773	1
4774	0
4775	0
4776	0
4777	1
4778	0
4779	89
4780	0
4781	0
4782	0
4783	1
4784	0
4785	0
4786	0
4787	0
4788	1
4789	1
4790	1
4791	0
4792	0
4793	0
4794	0
4795	0
4796	0
4797	0
4798	0
4799	0
4800	0
4801	0
4802	0
4803	0
4804	0
4805	0
4806	0
4807	0
4808	0
4809	0
4810	0
4811	0
4812	0
4813	0
4814	0
4815	0
4816	1
4817	1
4818	0
4819	0
4820	89
4821	0
4822	0
4823	1
4824	0
4825	0
4826	0
4827	0
4828	0
4829	0
4830	0
4831	0
4832	0
4833	8
4834	0
4835	0
4836	0
4837	0
4838	0
4839	0
4840	0
4841	0
4842	0
4843	0
4844	1
4845	0
4846	0
4847	86
4848	0
4849	0
4850	0
4851	1
4852	1
4853	0
4854	0
4855	0
4856	0
4857	0
4858	0
4859	0
4860	0
4861	0
4862	0
4863	0
4864	0
4865	0
4866	0
4867	0
4868	0
4869	0
4870	1
4871	0
4872	0
4873	0
4874	0
4875	0
4876	0
4877	0
4878	0
4879	1
4880	0
4881	0
4882	4
4883	1
4884	0
4885	0
4886	0
4887	1
4888	0
4889	0
4890	1
4891	0
4892	0
4893	0
4894	1
4895	0
4896	0
4897	0
4898	0
4899	0
4900	0
4901	0
4902	0
4903	0
4904	0
4905	0
4906	0
4907	0
4908	0
4909	0
4910	0
4911	0
4912	0
4913	0
4914	0
4915	0
4916	0
4917	0
4918	0
4919	0
4920	0
4921	0
4922	0
4923	0
4924	0
4925	0
4926	0
4927	0
4928	0
4929	0
4930	0
4931	1
4932	0
4933	1
4934	0
4935	1
4936	1
4937	0
4938	0
4939	0
4940	0
4941	0
4942	1
4943	9
4944	0
4945	0
4946	0
4947	0
4948	0
4949	0
4950	0
4951	0
4952	0
4953	0
4954	0
4955	0
4956	0
4957	89
4958	0
4959	0
4960	0
4961	9
4962	0
4963	0
4964	0
4965	0
4966	1
4967	0
4968	1
4969	0
4970	0
4971	0
4972	0
4973	0
4974	0
4975	1
4976	0
4977	0
4978	0
4979	0
4980	0
4981	0
4982	1
4983	1
4984	0
4985	1
4986	0
4987	0
4988	0
4989	0
4990	0
4991	0
4992	0
4993	0
4994	0
4995	1
4996	0
4997	0
4998	0
4999	0
5000	1
5001	0
5002	0
5003	7
5004	0
5005	1
5006	1
5007	0
5008	0
5009	0
5010	0
5011	1
5012	0
5013	0
5014	0
5015	1
5016	0
5017	0
5018	0
5019	0
5020	0
5021	0
5022	0
5023	0
5024	1
5025	0
5026	0
5027	1
5028	0
5029	1
5030	0
5031	0
5032	0
5033	0
5034	0
5035	1
5036	0
5037	0
5038	0
5039	0
5040	1
5041	1
5042	0
5043	1
5044	11
5045	0
5046	1
5047	0
5048	0
5049	0
5050	0
5051	0
5052	1
5053	0
5054	0
5055	0
5056	0
5057	0
5058	1
5059	0
5060	0
5061	0
5062	1
5063	0
5064	0
5065	0
5066	0
5067	9
5068	1
5069	1
5070	0
5071	0
5072	0
5073	0
5074	0
5075	0
5076	0
5077	0
5078	0
5079	0
5080	0
5081	0
5082	0
5083	0
5084	0
5085	0
5086	0
5087	2
5088	1
5089	0
5090	0
5091	3
5092	1
5093	0
5094	0
5095	0
5096	0
5097	0
5098	0
5099	0
5100	0
5101	0
5102	1
5103	0
5104	1
5105	0
5106	0
5107	1
5108	1
5109	0
5110	1
5111	0
5112	0
5113	0
5114	0
5115	1
5116	0
5117	0
5118	0
5119	0
5120	0
5121	1
5122	0
5123	0
5124	0
5125	0
5126	0
5127	0
5128	0
5129	0
5130	1
5131	1
5132	1
5133	1
5134	1
5135	0
5136	1
5137	0
5138	1
5139	0
5140	0
5141	0
5142	0
5143	0
5144	0
5145	0
5146	0
5147	0
5148	0
5149	0
5150	0
5151	0
5152	0
5153	1
5154	0
5155	0
5156	0
5157	0
5158	0
5159	12
5160	0
5161	0
5162	0
5163	0
5164	0
5165	0
5166	0
5167	0
5168	1
5169	0
5170	0
5171	0
5172	0
5173	0
5174	0
5175	0
5176	0
5177	0
5178	0
5179	1
5180	1
5181	1
5182	0
5183	0
5184	2
5185	9
5186	75
5187	0
5188	1
5189	0
5190	0
5191	0
5192	0
5193	0
5194	0
5195	0
5196	0
5197	0
5198	1
5199	1
5200	1
5201	5
5202	1
5203	0
5204	1
5205	0
5206	0
5207	0
5208	0
5209	1
5210	0
5211	0
5212	0
5213	0
5214	0
5215	0
5216	0
5217	0
5218	0
5219	0
5220	1
5221	1
5222	1
5223	1
5224	4
5225	0
5226	0
5227	0
5228	0
5229	0
5230	1
5231	0
5232	0
5233	0
5234	0
5235	0
5236	0
5237	1
5238	0
5239	0
5240	0
5241	0
5242	1
5243	1
5244	0
5245	0
5246	1
5247	0
5248	0
5249	0
5250	0
5251	12
5252	0
5253	0
5254	0
5255	0
5256	0
5257	0
5258	0
5259	0
5260	1
5261	1
5262	0
5263	0
5264	1
5265	1
5266	0
5267	0
5268	0
5269	0
5270	0
5271	0
5272	0
5273	0
5274	1
5275	0
5276	1
5277	0
5278	0
5279	0
5280	0
5281	0
5282	0
5283	2
5284	1
5285	0
5286	0
5287	0
5288	1
5289	0
5290	1
5291	0
5292	1
5293	4
5294	1
5295	0
5296	0
5297	0
5298	1
5299	1
5300	0
5301	0
5302	0
5303	0
5304	0
5305	0
5306	0
5307	0
5308	1
5309	0
5310	0
5311	0
5312	1
5313	1
5314	0
5315	0
5316	1
5317	0
5318	0
5319	0
5320	7
5321	0
5322	0
5323	0
5324	0
5325	0
5326	0
5327	1
5328	0
5329	1
5330	0
5331	0
5332	0
5333	6
5334	0
5335	0
5336	0
5337	10
5338	0
5339	1
5340	0
5341	0
5342	1
5343	0
5344	0
5345	0
5346	0
5347	0
5348	0
5349	0
5350	0
5351	0
5352	1
5353	0
5354	0
5355	0
5356	0
5357	0
5358	0
5359	0
5360	0
5361	0
5362	0
5363	1
5364	1
5365	0
5366	0
5367	0
5368	2
5369	1
5370	0
5371	0
5372	0
5373	0
5374	0
5375	0
5376	0
5377	0
5378	1
5379	0
5380	0
5381	0
5382	0
5383	0
5384	0
5385	0
5386	0
5387	0
5388	0
5389	1
5390	0
5391	0
5392	1
5393	0
5394	0
5395	1
5396	1
5397	0
5398	0
5399	9
5400	1
5401	0
5402	0
5403	0
5404	0
5405	0
5406	0
5407	0
5408	0
5409	0
5410	0
5411	0
5412	1
5413	0
5414	0
5415	1
5416	0
5417	0
5418	0
5419	1
5420	89
5421	1
5422	7
5423	1
5424	0
5425	0
5426	0
5427	1
5428	0
5429	0
5430	0
5431	1
5432	0
5433	0
5434	0
5435	0
5436	0
5437	0
5438	0
5439	0
5440	0
5441	0
5442	0
5443	1
5444	1
5445	0
5446	0
5447	1
5448	0
5449	0
5450	0
5451	10
5452	0
5453	0
5454	0
5455	1
5456	0
5457	0
5458	0
5459	0
5460	1
5461	0
5462	0
5463	0
5464	1
5465	0
5466	0
5467	1
5468	1
5469	1
5470	0
5471	0
5472	3
5473	1
5474	0
5475	0
5476	0
5477	0
5478	0
5479	1
5480	0
5481	0
5482	5
5483	0
5484	0
5485	0
5486	0
5487	0
5488	0
5489	0
5490	0
5491	0
5492	1
5493	0
5494	0
5495	0
5496	0
5497	0
5498	1
5499	0
5500	0
5501	0
5502	0
5503	0
5504	0
5505	0
5506	0
5507	0
5508	0
5509	1
5510	0
5511	0
5512	0
5513	0
5514	0
5515	0
5516	0
5517	0
5518	0
5519	0
5520	0
5521	0
5522	0
5523	0
5524	0
5525	0
5526	0
5527	11
5528	1
5529	0
5530	0
5531	0
5532	1
5533	0
5534	0
5535	0
5536	0
5537	20
5538	1
5539	0
5540	0
5541	0
5542	0
5543	0
5544	0
5545	1
5546	1
5547	0
5548	1
5549	0
5550	1
5551	0
5552	0
5553	0
5554	1
5555	1
5556	0
5557	0
5558	0
5559	0
5560	0
5561	0
5562	0
5563	0
5564	0
5565	1
5566	0
5567	0
5568	1
5569	0
5570	1
5571	0
5572	0
5573	0
5574	0
5575	0
5576	1
5577	0
5578	0
5579	1
5580	1
5581	0
5582	1
5583	0
5584	0
5585	1
5586	0
5587	1
5588	0
5589	0
5590	0
5591	0
5592	0
5593	0
5594	0
5595	0
5596	0
5597	0
5598	0
5599	1
5600	0
5601	0
5602	0
5603	0
5604	0
5605	0
5606	1
5607	0
5608	0
5609	0
5610	0
5611	0
5612	0
5613	0
5614	0
5615	0
5616	0
5617	89
5618	0
5619	0
5620	0
5621	0
5622	0
5623	0
5624	0
5625	0
5626	0
5627	0
5628	75
5629	1
5630	1
5631	89
5632	89
5633	1
5634	1
5635	20
5636	1
5637	0
5638	0
5639	1
5640	0
5641	0
5642	1
5643	0
5644	0
5645	1
5646	1
5647	0
5648	0
5649	0
5650	0
5651	0
5652	1
5653	1
5654	0
5655	0
5656	0
5657	1
5658	0
5659	0
5660	1
5661	0
5662	0
5663	0
5664	1
5665	0
5666	0
5667	0
5668	0
5669	1
5670	0
5671	0
5672	0
5673	0
5674	0
5675	0
5676	0
5677	1
5678	0
5679	1
5680	86
5681	0
5682	0
5683	0
5684	0
5685	0
5686	0
5687	0
5688	0
5689	0
5690	0
5691	0
5692	0
5693	0
5694	0
5695	0
5696	0
5697	0
5698	0
5699	2
5700	0
5701	0
5702	1
5703	75
5704	0
5705	0
5706	1
5707	0
5708	8
5709	0
5710	0
5711	0
5712	6
5713	0
5714	0
5715	0
5716	0
5717	0
5718	0
5719	1
5720	0
5721	0
5722	0
5723	0
5724	1
5725	0
5726	7
5727	1
5728	1
5729	1
5730	0
5731	0
5732	0
5733	0
5734	1
5735	0
5736	0
5737	0
5738	0
5739	0
5740	0
5741	0
5742	1
5743	1
5744	0
5745	1
5746	1
5747	0
5748	0
5749	0
5750	0
5751	1
5752	0
5753	1
5754	1
5755	0
5756	0
5757	0
5758	0
5759	0
5760	0
5761	1
5762	0
5763	0
5764	0
5765	0
5766	89
5767	0
5768	0
5769	0
5770	0
5771	0
5772	0
5773	0
5774	0
5775	0
5776	0
5777	0
5778	0
5779	0
5780	0
5781	1
5782	7
5783	0
5784	0
5785	0
5786	0
5787	1
5788	0
5789	0
5790	1
5791	0
5792	0
5793	0
5794	0
5795	0
5796	0
5797	0
5798	0
5799	0
5800	0
5801	0
5802	0
5803	0
5804	0
5805	1
5806	0
5807	1
5808	0
5809	9
5810	1
5811	1
5812	1
5813	0
5814	0
5815	1
5816	0
5817	0
5818	0
5819	0
5820	0
5821	0
5822	0
5823	0
5824	0
5825	0
5826	0
5827	0
5828	0
5829	0
5830	0
5831	1
5832	0
5833	0
5834	1
5835	0
5836	0
5837	0
5838	1
5839	0
5840	1
5841	1
5842	0
5843	1
5844	0
5845	0
5846	0
5847	0
5848	0
5849	0
5850	0
5851	0
5852	1
5853	0
5854	0
5855	1
5856	1
5857	11
5858	0
5859	0
5860	1
5861	78
5862	0
5863	0
5864	1
5865	0
5866	0
5867	0
5868	0
5869	0
5870	0
5871	1
5872	0
5873	0
5874	0
5875	0
5876	0
5877	0
5878	0
5879	0
5880	0
5881	0
5882	0
5883	1
5884	1
5885	9
5886	0
5887	0
5888	0
5889	0
5890	0
5891	1
5892	1
5893	0
5894	0
5895	0
5896	1
5897	0
5898	1
5899	0
5900	0
5901	0
5902	1
5903	0
5904	0
5905	0
5906	1
5907	1
5908	0
5909	0
5910	1
5911	0
5912	0
5913	4
5914	0
5915	0
5916	1
5917	0
5918	0
5919	0
5920	4
5921	0
5922	0
5923	0
5924	0
5925	0
5926	0
5927	0
5928	0
5929	0
5930	0
5931	0
5932	0
5933	0
5934	0
5935	0
5936	0
5937	0
5938	0
5939	0
5940	2
5941	0
5942	0
5943	0
5944	1
5945	1
5946	0
5947	0
5948	0
5949	0
5950	0
5951	0
5952	0
5953	0
5954	0
5955	0
5956	0
5957	0
5958	0
5959	0
5960	0
5961	0
5962	0
5963	0
5964	1
5965	0
5966	0
5967	1
5968	1
5969	0
5970	0
5971	2
5972	0
5973	0
5974	89
5975	0
5976	0
5977	0
5978	1
5979	1
5980	1
5981	0
5982	0
5983	0
5984	0
5985	0
5986	0
5987	0
5988	1
5989	0
5990	1
5991	0
5992	0
5993	0
5994	0
5995	0
5996	0
5997	0
5998	1
5999	75
6000	1
6001	0
6002	0
6003	0
6004	2
6005	0
6006	0
6007	0
6008	2
6009	2
6010	0
6011	0
6012	0
6013	1
6014	1
6015	0
6016	0
6017	0
6018	1
6019	1
6020	0
6021	0
6022	0
6023	0
6024	1
6025	0
6026	0
6027	0
6028	0
6029	0
6030	0
6031	0
6032	1
6033	0
6034	0
6035	0
6036	0
6037	0
6038	0
6039	0
6040	0
6041	0
6042	0
6043	1
6044	0
6045	0
6046	1
6047	0
6048	0
6049	0
6050	0
6051	0
6052	0
6053	0
6054	0
6055	1
6056	0
6057	0
6058	0
6059	0
6060	0
6061	0
6062	0
6063	1
6064	0
6065	0
6066	0
6067	0
6068	0
6069	0
6070	0
6071	0
6072	1
6073	1
6074	0
6075	0
6076	0
6077	0
6078	0
6079	0
6080	1
6081	1
6082	0
6083	0
6084	1
6085	0
6086	0
6087	0
6088	0
6089	0
6090	0
6091	0
6092	0
6093	1
6094	0
6095	0
6096	0
6097	1
6098	0
6099	0
6100	1
6101	0
6102	0
6103	1
6104	0
6105	0
6106	0
6107	0
6108	4
6109	0
6110	0
6111	0
6112	5
6113	0
6114	0
6115	0
6116	0
6117	0
6118	0
6119	0
6120	0
6121	0
6122	0
6123	1
6124	1
6125	1
6126	0
6127	0
6128	0
6129	0
6130	1
6131	0
6132	0
6133	0
6134	0
6135	0
6136	1
6137	0
6138	0
6139	0
6140	0
6141	0
6142	0
6143	0
6144	0
6145	0
6146	0
6147	0
6148	0
6149	0
6150	0
6151	0
6152	0
6153	0
6154	0
6155	0
6156	1
6157	0
6158	1
6159	0
6160	0
6161	0
6162	0
6163	0
6164	1
6165	0
6166	0
6167	0
6168	0
6169	1
6170	0
6171	0
6172	0
6173	0
6174	0
6175	1
6176	0
6177	0
6178	0
6179	0
6180	0
6181	1
6182	1
6183	0
6184	0
6185	0
6186	0
6187	0
6188	0
6189	0
6190	0
6191	0
6192	1
6193	0
6194	0
6195	0
6196	0
6197	0
6198	0
6199	1
6200	0
6201	0
6202	0
6203	1
6204	0
6205	0
6206	1
6207	0
6208	0
6209	0
6210	0
6211	0
6212	0
6213	0
6214	0
6215	0
6216	0
6217	0
6218	0
6219	1
6220	0
6221	1
6222	0
6223	1
6224	0
6225	1
6226	0
6227	0
6228	0
6229	0
6230	0
6231	89
6232	0
6233	0
6234	0
6235	0
6236	0
6237	0
6238	0
6239	1
6240	0
6241	1
6242	0
6243	1
6244	0
6245	1
6246	0
6247	0
6248	0
6249	0
6250	0
6251	0
6252	0
6253	0
6254	0
6255	0
6256	0
6257	0
6258	1
6259	0
6260	0
6261	1
6262	1
6263	0
6264	0
6265	0
6266	0
6267	0
6268	1
6269	0
6270	0
6271	0
6272	0
6273	0
6274	0
6275	0
6276	0
6277	1
6278	0
6279	1
6280	0
6281	0
6282	0
6283	0
6284	1
6285	1
6286	0
6287	89
6288	1
6289	0
6290	2
6291	0
6292	0
6293	0
6294	0
6295	0
6296	0
6297	0
6298	0
6299	0
6300	0
6301	1
6302	1
6303	0
6304	1
6305	0
6306	0
6307	0
6308	0
6309	0
6310	1
6311	1
6312	1
6313	0
6314	0
6315	1
6316	0
6317	0
6318	0
6319	1
6320	0
6321	0
6322	0
6323	0
6324	0
6325	0
6326	0
6327	0
6328	1
6329	0
6330	0
6331	1
6332	0
6333	0
6334	0
6335	2
6336	1
6337	0
6338	0
6339	0
6340	0
6341	1
6342	0
6343	0
6344	0
6345	0
6346	0
6347	0
6348	0
6349	0
6350	1
6351	0
6352	1
6353	0
6354	0
6355	0
6356	0
6357	0
6358	0
6359	0
6360	0
6361	1
6362	0
6363	0
6364	0
6365	0
6366	0
6367	0
6368	0
6369	0
6370	1
6371	1
6372	0
6373	0
6374	0
6375	1
6376	2
6377	0
6378	1
6379	0
6380	0
6381	0
6382	0
6383	0
6384	1
6385	0
6386	1
6387	0
6388	0
6389	0
6390	0
6391	0
6392	0
6393	0
6394	0
6395	1
6396	0
6397	0
6398	0
6399	0
6400	0
6401	1
6402	1
6403	0
6404	0
6405	0
6406	9
6407	1
6408	0
6409	0
6410	0
6411	0
6412	1
6413	0
6414	0
6415	0
6416	0
6417	1
6418	0
6419	0
6420	0
6421	0
6422	0
6423	0
6424	1
6425	89
6426	0
6427	0
6428	0
6429	0
6430	0
6431	0
6432	0
6433	0
6434	0
6435	0
6436	0
6437	1
6438	2
6439	0
6440	1
6441	1
6442	2
6443	0
6444	0
6445	0
6446	0
6447	0
6448	0
6449	1
6450	1
6451	0
6452	0
6453	0
6454	0
6455	0
6456	0
6457	1
6458	1
6459	0
6460	0
6461	0
6462	0
6463	0
6464	0
6465	0
6466	0
6467	0
6468	0
6469	0
6470	0
6471	1
6472	89
6473	0
6474	0
6475	0
6476	1
6477	0
6478	0
6479	0
6480	0
6481	0
6482	0
6483	1
6484	0
6485	1
6486	1
6487	1
6488	10
6489	0
6490	0
6491	87
6492	1
6493	0
6494	0
6495	1
6496	0
6497	0
6498	20
6499	0
6500	1
6501	2
6502	1
6503	0
6504	0
6505	0
6506	0
6507	0
6508	0
6509	0
6510	0
6511	0
6512	0
6513	0
6514	0
6515	1
6516	1
6517	1
6518	0
6519	0
6520	1
6521	0
6522	1
6523	0
6524	1
6525	0
6526	0
6527	0
6528	1
6529	0
6530	0
6531	0
6532	0
6533	0
6534	0
6535	1
6536	1
6537	2
6538	1
6539	0
6540	1
6541	1
6542	1
6543	0
6544	0
6545	1
6546	1
6547	10
6548	0
6549	0
6550	0
6551	0
6552	0
6553	0
6554	1
6555	1
6556	0
6557	0
6558	89
6559	2
6560	0
6561	89
6562	0
6563	0
6564	1
6565	1
6566	0
6567	0
6568	0
6569	0
6570	9
6571	0
6572	0
6573	0
6574	3
6575	0
6576	0
6577	0
6578	1
6579	0
6580	1
6581	0
6582	2
6583	0
6584	0
6585	0
6586	1
6587	11
6588	89
6589	0
6590	0
6591	89
6592	0
6593	12
6594	0
6595	0
6596	0
6597	0
6598	1
6599	0
6600	0
6601	1
6602	0
6603	1
6604	0
6605	0
6606	0
6607	9
6608	0
6609	0
6610	0
6611	0
6612	0
6613	0
6614	1
6615	0
6616	0
6617	89
6618	0
6619	0
6620	0
6621	0
6622	0
6623	0
6624	9
6625	0
6626	1
6627	1
6628	1
6629	0
6630	1
6631	1
6632	0
6633	0
6634	0
6635	0
6636	0
6637	0
6638	1
6639	1
6640	0
6641	0
6642	0
6643	0
6644	0
6645	0
6646	0
6647	0
6648	0
6649	0
6650	0
6651	1
6652	1
6653	0
6654	0
6655	0
6656	1
6657	0
6658	0
6659	0
6660	0
6661	0
6662	0
6663	0
6664	1
6665	0
6666	0
6667	0
6668	0
6669	0
6670	1
6671	0
6672	0
6673	0
6674	0
6675	0
6676	0
6677	1
6678	0
6679	0
6680	0
6681	0
6682	1
6683	0
6684	0
6685	0
6686	0
6687	0
6688	0
6689	0
6690	0
6691	1
6692	0
6693	0
6694	0
6695	0
6696	0
6697	0
6698	0
6699	0
6700	0
6701	0
6702	0
6703	0
6704	0
6705	0
6706	0
6707	0
6708	0
6709	0
6710	0
6711	0
6712	1
6713	0
6714	0
6715	1
6716	0
6717	0
6718	0
6719	0
6720	0
6721	0
6722	0
6723	1
6724	0
6725	0
6726	0
6727	0
6728	0
6729	1
6730	1
6731	0
6732	0
6733	9
6734	0
6735	0
6736	0
6737	0
6738	0
6739	0
6740	1
6741	1
6742	0
6743	1
6744	1
6745	6
6746	0
6747	0
6748	1
6749	1
6750	0
6751	0
6752	0
6753	0
6754	1
6755	0
6756	0
6757	1
6758	0
6759	0
6760	1
6761	0
6762	0
6763	6
6764	3
6765	0
6766	0
6767	2
6768	0
6769	0
6770	0
6771	89
6772	0
6773	1
6774	0
6775	0
6776	0
6777	0
6778	0
6779	0
6780	0
6781	1
6782	0
6783	0
6784	0
6785	0
6786	0
6787	1
6788	1
6789	0
6790	0
6791	0
6792	0
6793	0
6794	0
6795	0
6796	0
6797	0
6798	0
6799	1
6800	0
6801	1
6802	0
6803	0
6804	0
6805	0
6806	0
6807	0
6808	0
6809	0
6810	0
6811	0
6812	0
6813	0
6814	1
6815	1
6816	1
6817	1
6818	0
6819	0
6820	0
6821	0
6822	0
6823	0
6824	0
6825	0
6826	0
6827	0
6828	0
6829	0
6830	0
6831	0
6832	0
6833	0
6834	0
6835	0
6836	0
6837	0
6838	0
6839	0
6840	0
6841	2
6842	0
6843	0
6844	0
6845	0
6846	0
6847	0
6848	0
6849	0
6850	0
6851	0
6852	7
6853	89
6854	1
6855	1
6856	10
6857	0
6858	0
6859	0
6860	0
6861	0
6862	0
6863	0
6864	0
6865	0
6866	0
6867	0
6868	0
6869	1
6870	0
6871	0
6872	0
6873	0
6874	1
6875	0
6876	0
6877	0
6878	1
6879	0
6880	0
6881	0
6882	0
6883	0
6884	0
6885	0
6886	1
6887	0
6888	0
6889	89
6890	1
6891	0
6892	1
6893	0
6894	0
6895	0
6896	1
6897	0
6898	0
6899	0
6900	0
6901	0
6902	0
6903	0
6904	0
6905	89
6906	0
6907	0
6908	0
6909	0
6910	0
6911	87
6912	0
6913	0
6914	0
6915	0
6916	0
6917	0
6918	0
6919	0
6920	0
6921	0
6922	76
6923	1
6924	0
6925	0
6926	0
6927	78
6928	0
6929	0
6930	2
6931	0
6932	0
6933	0
6934	1
6935	0
6936	0
6937	0
6938	0
6939	1
6940	1
6941	0
6942	1
6943	0
6944	0
6945	1
6946	1
6947	0
6948	0
6949	1
6950	0
6951	0
6952	0
6953	0
6954	1
6955	0
6956	0
6957	1
6958	1
6959	0
6960	1
6961	1
6962	0
6963	0
6964	0
6965	0
6966	0
6967	1
6968	0
6969	0
6970	0
6971	0
6972	0
6973	0
6974	0
6975	0
6976	0
6977	1
6978	1
6979	0
6980	12
6981	4
6982	0
6983	0
6984	1
6985	0
6986	1
6987	0
6988	0
6989	0
6990	0
6991	0
6992	0
6993	0
6994	0
6995	0
6996	0
6997	0
6998	0
6999	0
7000	1
7001	0
7002	0
7003	0
7004	1
7005	1
7006	0
7007	1
7008	1
7009	0
7010	1
7011	0
7012	0
7013	0
7014	0
7015	0
7016	0
7017	0
7018	1
7019	0
7020	0
7021	0
7022	0
7023	0
7024	0
7025	1
7026	1
7027	1
7028	0
7029	1
7030	1
7031	0
7032	1
7033	9
7034	0
7035	0
7036	0
7037	0
7038	0
7039	0
7040	0
7041	0
7042	0
7043	0
7044	0
7045	1
7046	0
7047	0
7048	3
7049	1
7050	1
7051	0
7052	1
7053	0
7054	0
7055	0
7056	0
7057	0
7058	0
7059	0
7060	1
7061	1
7062	0
7063	0
7064	0
7065	0
7066	1
7067	0
7068	0
7069	1
7070	9
7071	1
7072	1
7073	1
7074	0
7075	1
7076	0
7077	0
7078	0
7079	0
7080	0
7081	0
7082	0
7083	0
7084	0
7085	0
7086	0
7087	0
7088	0
7089	1
7090	1
7091	0
7092	1
7093	1
7094	1
7095	0
7096	0
7097	0
7098	0
7099	0
7100	1
7101	0
7102	0
7103	0
7104	0
7105	0
7106	0
7107	89
7108	1
7109	0
7110	0
7111	0
7112	1
7113	1
7114	0
7115	0
7116	0
7117	0
7118	0
7119	0
7120	0
7121	0
7122	0
7123	0
7124	0
7125	0
7126	0
7127	0
7128	0
7129	1
7130	0
7131	0
7132	0
7133	0
7134	0
7135	0
7136	0
7137	1
7138	0
7139	1
7140	0
7141	0
7142	0
7143	1
7144	0
7145	0
7146	0
7147	0
7148	0
7149	0
7150	0
7151	0
7152	0
7153	0
7154	0
7155	0
7156	0
7157	0
7158	0
7159	0
7160	0
7161	0
7162	0
7163	0
7164	0
7165	0
7166	0
7167	0
7168	0
7169	0
7170	0
7171	1
7172	0
7173	0
7174	0
7175	0
7176	0
7177	0
7178	0
7179	0
7180	0
7181	0
7182	0
7183	0
7184	9
7185	0
7186	0
7187	0
7188	1
7189	0
7190	0
7191	2
7192	1
7193	0
7194	0
7195	0
7196	0
7197	0
7198	0
7199	0
7200	0
7201	0
7202	0
7203	0
7204	0
7205	1
7206	0
7207	0
7208	0
7209	0
7210	1
7211	0
7212	0
7213	0
7214	0
7215	0
7216	0
7217	0
7218	0
7219	0
7220	1
7221	0
7222	0
7223	0
7224	0
7225	1
7226	0
7227	0
7228	1
7229	1
7230	0
7231	0
7232	0
7233	0
7234	0
7235	0
7236	0
7237	0
7238	0
7239	1
7240	0
7241	0
7242	0
7243	0
7244	0
7245	0
7246	0
7247	0
7248	0
7249	1
7250	0
7251	0
7252	0
7253	1
7254	0
7255	0
7256	1
7257	0
7258	0
7259	1
7260	1
7261	1
7262	0
7263	0
7264	0
7265	1
7266	0
7267	0
7268	0
7269	13
7270	0
7271	0
7272	1
7273	1
7274	0
7275	1
7276	1
7277	2
7278	0
7279	0
7280	0
7281	0
7282	0
7283	0
7284	0
7285	0
7286	0
7287	1
7288	0
7289	0
7290	0
7291	0
7292	1
7293	0
7294	0
7295	0
7296	0
7297	1
7298	0
7299	1
7300	89
7301	0
7302	0
7303	0
7304	0
7305	0
7306	0
7307	0
7308	0
7309	0
7310	0
7311	11
7312	1
7313	0
7314	1
7315	2
7316	0
7317	9
7318	1
7319	0
7320	0
7321	0
7322	1
7323	0
7324	0
7325	1
7326	1
7327	1
7328	89
7329	0
7330	1
7331	1
7332	0
7333	0
7334	0
7335	0
7336	0
7337	0
7338	0
7339	0
7340	0
7341	0
7342	0
7343	0
7344	0
7345	0
7346	1
7347	0
7348	0
7349	0
7350	0
7351	9
7352	0
7353	0
7354	0
7355	0
7356	0
7357	0
7358	0
7359	0
7360	0
7361	0
7362	1
7363	0
7364	0
7365	0
7366	0
7367	0
7368	0
7369	0
7370	0
7371	0
7372	0
7373	0
7374	1
7375	0
7376	0
7377	0
7378	0
7379	0
7380	0
7381	0
7382	0
7383	0
7384	1
7385	0
7386	0
7387	0
7388	1
7389	0
7390	0
7391	0
7392	0
7393	2
7394	0
7395	0
7396	0
7397	1
7398	0
7399	0
7400	0
7401	1
7402	89
7403	0
7404	1
7405	0
7406	1
7407	1
7408	0
7409	0
7410	0
7411	0
7412	0
7413	0
7414	0
7415	0
7416	0
7417	0
7418	0
7419	1
7420	1
7421	0
7422	0
7423	0
7424	0
7425	0
7426	0
7427	0
7428	1
7429	0
7430	0
7431	0
7432	0
7433	0
7434	1
7435	0
7436	0
7437	3
7438	0
7439	0
7440	0
7441	0
7442	1
7443	0
7444	0
7445	0
7446	0
7447	0
7448	1
7449	0
7450	0
7451	3
7452	0
7453	0
7454	1
7455	0
7456	0
7457	0
7458	0
7459	0
7460	0
7461	0
7462	0
7463	0
7464	0
7465	0
7466	0
7467	1
7468	0
7469	1
7470	0
7471	0
7472	0
7473	1
7474	1
7475	0
7476	1
7477	0
7478	1
7479	0
7480	0
7481	0
7482	0
7483	1
7484	0
7485	0
7486	0
7487	0
7488	0
7489	0
7490	0
7491	1
7492	0
7493	0
7494	1
7495	1
7496	4
7497	1
7498	0
7499	0
7500	0
7501	0
7502	0
7503	0
7504	4
7505	0
7506	0
7507	0
7508	0
7509	0
7510	1
7511	0
7512	1
7513	0
7514	0
7515	0
7516	0
7517	0
7518	6
7519	1
7520	0
7521	0
7522	3
7523	0
7524	0
7525	0
7526	0
7527	0
7528	0
7529	0
7530	0
7531	0
7532	1
7533	0
7534	0
7535	0
7536	0
7537	3
7538	0
7539	0
7540	1
7541	1
7542	0
7543	0
7544	0
7545	0
7546	0
7547	0
7548	0
7549	0
7550	1
7551	1
7552	1
7553	0
7554	0
7555	0
7556	0
7557	0
7558	0
7559	0
7560	1
7561	0
7562	0
7563	0
7564	1
7565	0
7566	0
7567	1
7568	16
7569	0
7570	1
7571	1
7572	0
7573	0
7574	0
7575	64
7576	0
7577	0
7578	0
7579	1
7580	0
7581	0
7582	1
7583	1
7584	0
7585	1
7586	0
7587	2
7588	1
7589	0
7590	0
7591	0
7592	0
7593	0
7594	0
7595	10
7596	0
7597	0
7598	0
7599	0
7600	0
7601	0
7602	0
7603	0
7604	1
7605	0
7606	0
7607	0
7608	0
7609	0
7610	1
7611	1
7612	1
7613	0
7614	0
7615	0
7616	0
7617	0
7618	0
7619	0
7620	1
7621	0
7622	0
7623	0
7624	0
7625	1
7626	0
7627	0
7628	0
7629	0
7630	0
7631	0
7632	0
7633	0
7634	0
7635	0
7636	0
7637	0
7638	0
7639	0
7640	0
7641	0
7642	0
7643	0
7644	1
7645	1
7646	0
7647	0
7648	0
7649	0
7650	1
7651	0
7652	1
7653	0
7654	0
7655	0
7656	0
7657	0
7658	0
7659	0
7660	0
7661	0
7662	1
7663	1
7664	0
7665	0
7666	0
7667	1
7668	0
7669	0
7670	0
7671	0
7672	1
7673	0
7674	0
7675	1
7676	0
7677	1
7678	0
7679	0
7680	1
7681	0
7682	0
7683	1
7684	0
7685	0
7686	0
7687	0
7688	0
7689	0
7690	0
7691	0
7692	0
7693	0
7694	1
7695	0
7696	0
7697	0
7698	0
7699	0
7700	0
7701	1
7702	0
7703	0
7704	1
7705	1
7706	0
7707	0
7708	1
7709	0
7710	0
7711	1
7712	0
7713	0
7714	1
7715	0
7716	0
7717	0
7718	0
7719	0
7720	1
7721	1
7722	0
7723	0
7724	1
7725	0
7726	0
7727	1
7728	0
7729	1
7730	0
7731	0
7732	0
7733	0
7734	0
7735	1
7736	0
7737	0
7738	1
7739	0
7740	0
7741	0
7742	0
7743	1
7744	0
7745	0
7746	0
7747	9
7748	0
7749	1
7750	1
7751	0
7752	0
7753	0
7754	0
7755	0
7756	0
7757	1
7758	0
7759	0
7760	1
7761	0
7762	1
7763	1
7764	0
7765	0
7766	0
7767	0
7768	0
7769	0
7770	1
7771	0
7772	9
7773	0
7774	0
7775	0
7776	0
7777	0
7778	0
7779	0
7780	0
7781	0
7782	0
7783	0
7784	0
7785	0
7786	0
7787	0
7788	1
7789	0
7790	1
7791	0
7792	1
7793	0
7794	0
7795	1
7796	0
7797	0
7798	0
7799	0
7800	0
7801	0
7802	0
7803	0
7804	0
7805	0
7806	0
7807	1
7808	0
7809	0
7810	3
7811	1
7812	0
7813	1
7814	0
7815	0
7816	1
7817	2
7818	1
7819	0
7820	0
7821	0
7822	0
7823	0
7824	0
7825	0
7826	0
7827	0
7828	0
7829	0
7830	0
7831	1
7832	0
7833	0
7834	9
7835	1
7836	1
7837	0
7838	0
7839	1
7840	0
7841	0
7842	0
7843	0
7844	1
7845	1
7846	1
7847	0
7848	0
7849	0
7850	0
7851	0
7852	0
7853	0
7854	2
7855	0
7856	0
7857	4
7858	1
7859	0
7860	0
7861	0
7862	0
7863	0
7864	0
7865	0
7866	0
7867	0
7868	0
7869	0
7870	0
7871	1
7872	0
7873	0
7874	0
7875	0
7876	0
7877	1
7878	4
7879	0
7880	0
7881	9
7882	1
7883	0
7884	8
7885	0
7886	7
7887	1
7888	0
7889	1
7890	1
7891	0
7892	0
7893	0
7894	0
7895	0
7896	0
7897	0
7898	89
7899	0
7900	0
7901	0
7902	1
7903	85
7904	1
7905	0
7906	0
7907	0
7908	0
7909	0
7910	1
7911	0
7912	0
7913	0
7914	0
7915	0
7916	1
7917	0
7918	3
7919	0
7920	0
7921	0
7922	0
7923	0
7924	0
7925	0
7926	0
7927	1
7928	1
7929	1
7930	0
7931	0
7932	0
7933	0
7934	0
7935	0
7936	0
7937	0
7938	0
7939	0
7940	2
7941	0
7942	0
7943	0
7944	0
7945	0
7946	0
7947	0
7948	1
7949	0
7950	0
7951	0
7952	0
7953	0
7954	1
7955	0
7956	1
7957	0
7958	0
7959	1
7960	1
7961	1
7962	0
7963	0
7964	0
7965	0
7966	0
7967	0
7968	0
7969	1
7970	0
7971	0
7972	0
7973	56
7974	0
7975	0
7976	1
7977	1
7978	0
7979	8
7980	0
7981	0
7982	0
7983	0
7984	0
7985	0
7986	0
7987	1
7988	0
7989	0
7990	1
7991	0
7992	0
7993	0
7994	0
7995	0
7996	0
7997	0
7998	0
7999	1
8000	1
8001	0
8002	7
8003	1
8004	0
8005	0
8006	0
8007	0
8008	0
8009	0
8010	1
8011	0
8012	0
8013	1
8014	0
8015	0
8016	0
8017	0
8018	0
8019	0
8020	0
8021	0
8022	1
8023	0
8024	2
8025	1
8026	1
8027	0
8028	1
8029	0
8030	0
8031	0
8032	1
8033	0
8034	0
8035	0
8036	0
8037	0
8038	0
8039	0
8040	0
8041	0
8042	0
8043	0
8044	0
8045	0
8046	0
8047	0
8048	0
8049	2
8050	0
8051	0
8052	0
8053	0
8054	0
8055	0
8056	0
8057	0
8058	1
8059	0
8060	1
8061	0
8062	0
8063	0
8064	0
8065	0
8066	0
8067	0
8068	0
8069	0
8070	1
8071	0
8072	1
8073	10
8074	0
8075	0
8076	0
8077	0
8078	1
8079	0
8080	0
8081	0
8082	1
8083	0
8084	0
8085	5
8086	0
8087	0
8088	0
8089	0
8090	0
8091	0
8092	0
8093	0
8094	0
8095	0
8096	0
8097	0
8098	0
8099	0
8100	0
8101	0
8102	0
8103	0
8104	0
8105	1
8106	0
8107	0
8108	1
8109	0
8110	0
8111	0
8112	0
8113	0
8114	0
8115	0
8116	0
8117	0
8118	0
8119	1
8120	0
8121	1
8122	0
8123	0
8124	0
8125	0
8126	0
8127	0
8128	0
8129	0
8130	0
8131	0
8132	0
8133	0
8134	0
8135	0
8136	1
8137	0
8138	1
8139	0
8140	1
8141	0
8142	0
8143	0
8144	0
8145	0
8146	0
8147	0
8148	0
8149	0
8150	0
8151	0
8152	0
8153	0
8154	1
8155	1
8156	0
8157	0
8158	0
8159	0
8160	0
8161	0
8162	0
8163	2
8164	0
8165	0
8166	0
8167	1
8168	1
8169	0
8170	0
8171	1
8172	0
8173	0
8174	0
8175	0
8176	0
8177	0
8178	0
8179	0
8180	0
8181	0
8182	12
8183	0
8184	0
8185	0
8186	0
8187	1
8188	0
8189	0
8190	1
8191	0
8192	0
8193	0
8194	0
8195	1
8196	0
8197	1
8198	1
8199	1
8200	1
8201	1
8202	0
8203	1
8204	0
8205	1
8206	0
8207	1
8208	0
8209	0
8210	0
8211	0
8212	0
8213	0
8214	0
8215	0
8216	0
8217	0
8218	8
8219	0
8220	0
8221	0
8222	0
8223	0
8224	0
8225	1
8226	1
8227	0
8228	2
8229	0
8230	0
8231	0
8232	20
8233	0
8234	1
8235	0
8236	0
8237	0
8238	0
8239	1
8240	0
8241	0
8242	0
8243	0
8244	0
8245	1
8246	1
8247	1
8248	1
8249	0
8250	0
8251	1
8252	0
8253	0
8254	1
8255	0
8256	0
8257	0
8258	0
8259	0
8260	0
8261	0
8262	0
8263	1
8264	0
8265	0
8266	0
8267	0
8268	0
8269	1
8270	0
8271	0
8272	0
8273	0
8274	0
8275	0
8276	0
8277	0
8278	0
8279	0
8280	0
8281	0
8282	0
8283	0
8284	0
8285	1
8286	0
8287	1
8288	0
8289	0
8290	0
8291	0
8292	3
8293	0
8294	0
8295	0
8296	1
8297	0
8298	0
8299	0
8300	0
8301	0
8302	0
8303	1
8304	0
8305	1
8306	0
8307	0
8308	0
8309	0
8310	0
8311	0
8312	0
8313	0
8314	0
8315	2
8316	0
8317	0
8318	0
8319	1
8320	1
8321	0
8322	1
8323	0
8324	0
8325	0
8326	0
8327	0
8328	0
8329	0
8330	0
8331	0
8332	0
8333	1
8334	0
8335	0
8336	0
8337	1
8338	0
8339	0
8340	0
8341	0
8342	1
8343	0
8344	0
8345	0
8346	1
8347	0
8348	0
8349	0
8350	0
8351	0
8352	0
8353	0
8354	0
8355	0
8356	0
8357	0
8358	0
8359	1
8360	1
8361	0
8362	1
8363	20
8364	0
8365	3
8366	1
8367	0
8368	0
8369	0
8370	1
8371	0
8372	0
8373	0
8374	0
8375	0
8376	0
8377	0
8378	0
8379	0
8380	1
8381	1
8382	0
8383	0
8384	0
8385	0
8386	0
8387	0
8388	0
8389	0
8390	0
8391	0
8392	0
8393	0
8394	0
8395	0
8396	1
8397	0
8398	0
8399	0
8400	0
8401	0
8402	1
8403	1
8404	1
8405	0
8406	0
8407	0
8408	0
8409	0
8410	89
8411	0
8412	0
8413	0
8414	0
8415	7
8416	0
8417	1
8418	1
8419	1
8420	0
8421	0
8422	0
8423	1
8424	0
8425	0
8426	0
8427	0
8428	0
8429	1
8430	0
8431	9
8432	0
8433	0
8434	0
8435	0
8436	0
8437	0
8438	0
8439	1
8440	0
8441	0
8442	89
8443	0
8444	0
8445	1
8446	1
8447	89
8448	0
8449	11
8450	0
8451	0
8452	0
8453	0
8454	0
8455	0
8456	0
8457	0
8458	0
8459	0
8460	0
8461	0
8462	0
8463	1
8464	0
8465	1
8466	1
8467	0
8468	0
8469	0
8470	0
8471	0
8472	0
8473	86
8474	0
8475	0
8476	1
8477	0
8478	0
8479	0
8480	0
8481	0
8482	0
8483	0
8484	0
8485	0
8486	0
8487	1
8488	0
8489	0
8490	0
8491	0
8492	1
8493	0
8494	0
8495	0
8496	0
8497	0
8498	0
8499	0
8500	0
8501	0
8502	0
8503	0
8504	0
8505	0
8506	0
8507	0
8508	1
8509	0
8510	0
8511	0
8512	0
8513	1
8514	1
8515	0
8516	1
8517	0
8518	0
8519	0
8520	0
8521	0
8522	0
8523	0
8524	0
8525	0
8526	0
8527	0
8528	0
8529	0
8530	0
8531	0
8532	0
8533	0
8534	0
8535	0
8536	1
8537	1
8538	1
8539	1
8540	0
8541	1
8542	0
8543	0
8544	0
8545	0
8546	0
8547	1
8548	0
8549	0
8550	0
8551	0
8552	0
8553	0
8554	0
8555	0
8556	0
8557	1
8558	89
8559	8
8560	0
8561	0
8562	1
8563	0
8564	1
8565	0
8566	0
8567	0
8568	0
8569	0
8570	0
8571	0
8572	0
8573	0
8574	1
8575	0
8576	0
8577	0
8578	1
8579	0
8580	1
8581	0
8582	0
8583	0
8584	0
8585	1
8586	0
8587	0
8588	4
8589	4
8590	0
8591	0
8592	0
8593	0
8594	0
8595	0
8596	0
8597	0
8598	0
8599	0
8600	0
8601	0
8602	0
8603	0
8604	0
8605	0
8606	0
8607	0
8608	0
8609	1
8610	1
8611	1
8612	1
8613	0
8614	2
8615	0
8616	0
8617	0
8618	1
8619	0
8620	0
8621	0
8622	0
8623	0
8624	0
8625	0
8626	0
8627	0
8628	0
8629	1
8630	84
8631	1
8632	0
8633	0
8634	0
8635	1
8636	0
8637	0
8638	1
8639	0
8640	1
8641	0
8642	0
8643	0
8644	1
8645	0
8646	0
8647	0
8648	0
8649	0
8650	0
8651	0
8652	0
8653	0
8654	0
8655	0
8656	1
8657	1
8658	1
8659	0
8660	0
8661	0
8662	0
8663	4
8664	0
8665	0
8666	0
8667	0
8668	0
8669	0
8670	0
8671	0
8672	0
8673	0
8674	0
8675	1
8676	0
8677	0
8678	0
8679	0
8680	0
8681	0
8682	0
8683	0
8684	0
8685	1
8686	0
8687	0
8688	0
8689	0
8690	4
8691	0
8692	20
8693	1
8694	0
8695	1
8696	0
8697	0
8698	0
8699	0
8700	0
8701	0
8702	0
8703	0
8704	1
8705	0
8706	0
8707	1
8708	0
8709	0
8710	0
8711	0
8712	1
8713	0
8714	0
8715	1
8716	0
8717	0
8718	0
8719	0
8720	89
8721	0
8722	0
8723	0
8724	0
8725	0
8726	3
8727	0
8728	0
8729	0
8730	1
8731	0
8732	1
8733	0
8734	0
8735	0
8736	0
8737	2
8738	0
8739	0
8740	0
8741	0
8742	0
8743	0
8744	0
8745	0
8746	0
8747	0
8748	0
8749	1
8750	0
8751	0
8752	0
8753	1
8754	1
8755	0
8756	0
8757	0
8758	0
8759	0
8760	0
8761	0
8762	0
8763	1
8764	0
8765	0
8766	0
8767	0
8768	0
8769	0
8770	1
8771	0
8772	9
8773	1
8774	0
8775	0
8776	0
8777	1
8778	0
8779	0
8780	0
8781	0
8782	0
8783	0
8784	0
8785	0
8786	0
8787	0
8788	1
8789	0
8790	0
8791	0
8792	0
8793	0
8794	0
8795	1
8796	0
8797	1
8798	1
8799	0
8800	4
8801	0
8802	0
8803	1
8804	0
8805	0
8806	0
8807	0
8808	0
8809	1
8810	0
8811	0
8812	1
8813	0
8814	1
8815	0
8816	0
8817	0
8818	0
8819	0
8820	0
8821	1
8822	1
8823	0
8824	0
8825	0
8826	0
8827	0
8828	0
8829	0
8830	0
8831	0
8832	1
8833	0
8834	0
8835	0
8836	1
8837	0
8838	0
8839	0
8840	0
8841	0
8842	89
8843	0
8844	1
8845	1
8846	0
8847	0
8848	0
8849	0
8850	0
8851	0
8852	0
8853	0
8854	0
8855	0
8856	0
8857	0
8858	0
8859	1
8860	1
8861	1
8862	2
8863	0
8864	0
8865	1
8866	0
8867	0
8868	0
8869	0
8870	0
8871	0
8872	0
8873	0
8874	0
8875	1
8876	0
8877	0
8878	2
8879	0
8880	0
8881	0
8882	0
8883	0
8884	0
8885	0
8886	0
8887	0
8888	0
8889	0
8890	0
8891	0
8892	0
8893	9
8894	0
8895	2
8896	1
8897	1
8898	1
8899	0
8900	0
8901	1
8902	0
8903	0
8904	0
8905	0
8906	0
8907	0
8908	0
8909	0
8910	0
8911	0
8912	0
8913	1
8914	1
8915	1
8916	0
8917	0
8918	0
8919	0
8920	0
8921	0
8922	1
8923	0
8924	0
8925	0
8926	0
8927	89
8928	1
8929	0
8930	0
8931	0
8932	4
8933	0
8934	0
8935	0
8936	1
8937	0
8938	2
8939	0
8940	9
8941	0
8942	0
8943	0
8944	0
8945	0
8946	1
8947	0
8948	0
8949	0
8950	0
8951	1
8952	0
8953	0
8954	0
8955	0
8956	9
8957	1
8958	1
8959	0
8960	0
8961	0
8962	0
8963	0
8964	0
8965	0
8966	1
8967	0
8968	0
8969	75
8970	1
8971	0
8972	0
8973	0
8974	0
8975	0
8976	0
8977	0
8978	1
8979	0
8980	0
8981	0
8982	0
8983	0
8984	0
8985	0
8986	0
8987	0
8988	0
8989	1
8990	0
8991	6
8992	1
8993	0
8994	0
8995	1
8996	0
8997	0
8998	0
8999	0
9000	0
9001	2
9002	0
9003	0
9004	1
9005	0
9006	0
9007	0
9008	0
9009	0
9010	1
9011	0
9012	0
9013	0
9014	9
9015	0
9016	0
9017	0
9018	0
9019	0
9020	0
9021	0
9022	1
9023	0
9024	1
9025	0
9026	0
9027	0
9028	0
9029	1
9030	1
9031	0
9032	0
9033	0
9034	0
9035	0
9036	0
9037	0
9038	0
9039	0
9040	1
9041	0
9042	1
9043	0
9044	0
9045	4
9046	0
9047	0
9048	0
9049	0
9050	0
9051	0
9052	0
9053	0
9054	1
9055	0
9056	0
9057	0
9058	1
9059	0
9060	89
9061	1
9062	1
9063	0
9064	0
9065	0
9066	0
9067	1
9068	0
9069	0
9070	0
9071	0
9072	0
9073	0
9074	0
9075	1
9076	0
9077	0
9078	0
9079	0
9080	1
9081	0
9082	0
9083	0
9084	0
9085	1
9086	0
9087	0
9088	0
9089	0
9090	0
9091	0
9092	0
9093	0
9094	0
9095	0
9096	1
9097	0
9098	0
9099	0
9100	0
9101	1
9102	0
9103	0
9104	1
9105	0
9106	0
9107	0
9108	1
9109	0
9110	0
9111	0
9112	1
9113	0
9114	0
9115	0
9116	0
9117	0
9118	1
9119	0
9120	0
9121	0
9122	0
9123	0
9124	1
9125	0
9126	1
9127	0
9128	0
9129	0
9130	0
9131	0
9132	0
9133	0
9134	0
9135	0
9136	0
9137	0
9138	0
9139	0
9140	0
9141	0
9142	0
9143	0
9144	0
9145	0
9146	0
9147	0
9148	0
9149	4
9150	1
9151	0
9152	0
9153	0
9154	0
9155	0
9156	2
9157	0
9158	0
9159	0
9160	0
9161	0
9162	1
9163	89
9164	1
9165	0
9166	0
9167	89
9168	0
9169	1
9170	0
9171	2
9172	1
9173	0
9174	0
9175	0
9176	0
9177	0
9178	1
9179	0
9180	0
9181	0
9182	0
9183	0
9184	0
9185	0
9186	0
9187	0
9188	0
9189	0
9190	1
9191	1
9192	0
9193	20
9194	1
9195	0
9196	0
9197	1
9198	1
9199	0
9200	0
9201	0
9202	0
9203	0
9204	0
9205	0
9206	0
9207	1
9208	0
9209	1
9210	0
9211	0
9212	0
9213	0
9214	0
9215	0
9216	1
9217	1
9218	0
9219	0
9220	2
9221	0
9222	0
9223	0
9224	0
9225	0
9226	1
9227	0
9228	0
9229	0
9230	0
9231	0
9232	0
9233	1
9234	0
9235	0
9236	0
9237	1
9238	0
9239	1
9240	1
9241	0
9242	0
9243	0
9244	0
9245	1
9246	0
9247	0
9248	0
9249	0
9250	1
9251	0
9252	0
9253	1
9254	0
9255	0
9256	0
9257	0
9258	0
9259	0
9260	1
9261	1
9262	0
9263	0
9264	0
9265	0
9266	0
9267	0
9268	1
9269	0
9270	0
9271	0
9272	1
9273	7
9274	0
9275	0
9276	1
9277	0
9278	1
9279	0
9280	1
9281	1
9282	0
9283	0
9284	2
9285	0
9286	0
9287	1
9288	0
9289	0
9290	0
9291	0
9292	0
9293	1
9294	1
9295	1
9296	0
9297	1
9298	1
9299	0
9300	0
9301	0
9302	0
9303	0
9304	1
9305	0
9306	0
9307	0
9308	0
9309	0
9310	0
9311	1
9312	0
9313	0
9314	1
9315	0
9316	1
9317	1
9318	1
9319	1
9320	0
9321	2
9322	0
9323	2
9324	0
9325	0
9326	1
9327	1
9328	0
9329	0
9330	0
9331	0
9332	0
9333	0
9334	1
9335	0
9336	0
9337	0
9338	0
9339	0
9340	0
9341	1
9342	0
9343	0
9344	0
9345	3
9346	1
9347	0
9348	0
9349	0
9350	1
9351	1
9352	0
9353	0
9354	2
9355	0
9356	0
9357	1
9358	0
9359	1
9360	0
9361	0
9362	20
9363	0
9364	0
9365	0
9366	0
9367	0
9368	0
9369	0
9370	1
9371	0
9372	0
9373	0
9374	0
9375	1
9376	0
9377	0
9378	0
9379	0
9380	1
9381	0
9382	0
9383	0
9384	1
9385	0
9386	1
9387	0
9388	1
9389	0
9390	0
9391	0
9392	0
9393	0
9394	1
9395	1
9396	0
9397	0
9398	0
9399	0
9400	0
9401	0
9402	0
9403	4
9404	0
9405	0
9406	0
9407	0
9408	0
9409	0
9410	0
9411	0
9412	0
9413	0
9414	1
9415	0
9416	0
9417	0
9418	0
9419	1
9420	0
9421	1
9422	0
9423	1
9424	2
9425	1
9426	1
9427	0
9428	0
9429	0
9430	0
9431	0
9432	0
9433	0
9434	0
9435	1
9436	0
9437	0
9438	0
9439	0
9440	0
9441	0
9442	0
9443	1
9444	0
9445	0
9446	0
9447	0
9448	0
9449	0
9450	0
9451	0
9452	0
9453	0
9454	0
9455	0
9456	0
9457	0
9458	0
9459	0
9460	0
9461	1
9462	1
9463	0
9464	0
9465	0
9466	1
9467	10
9468	1
9469	0
9470	0
9471	0
9472	0
9473	0
9474	0
9475	0
9476	0
9477	0
9478	0
9479	0
9480	0
9481	1
9482	0
9483	0
9484	0
9485	1
9486	4
9487	0
9488	0
9489	0
9490	0
9491	1
9492	0
9493	0
9494	0
9495	0
9496	0
9497	0
9498	0
9499	0
9500	0
9501	0
9502	1
9503	1
9504	0
9505	0
9506	1
9507	0
9508	0
9509	0
9510	0
9511	0
9512	0
9513	0
9514	0
9515	0
9516	0
9517	0
9518	0
9519	1
9520	0
9521	0
9522	0
9523	0
9524	0
9525	1
9526	0
9527	1
9528	0
9529	0
9530	0
9531	0
9532	0
9533	0
9534	0
9535	1
9536	0
9537	0
9538	1
9539	0
9540	0
9541	0
9542	0
9543	0
9544	1
9545	0
9546	0
9547	0
9548	0
9549	0
9550	0
9551	0
9552	0
9553	0
9554	0
9555	11
9556	1
9557	1
9558	0
9559	0
9560	0
9561	0
9562	1
9563	0
9564	0
9565	0
9566	0
9567	0
9568	0
9569	0
9570	0
9571	0
9572	0
9573	0
9574	1
9575	0
9576	0
9577	0
9578	0
9579	0
9580	0
9581	0
9582	0
9583	0
9584	1
9585	0
9586	0
9587	0
9588	0
9589	0
9590	0
9591	0
9592	0
9593	0
9594	0
9595	0
9596	1
9597	1
9598	1
9599	0
9600	1
9601	0
9602	0
9603	0
9604	0
9605	0
9606	1
9607	2
9608	0
9609	0
9610	0
9611	0
9612	0
9613	1
9614	0
9615	0
9616	1
9617	0
9618	9
9619	20
9620	0
9621	0
9622	1
9623	0
9624	0
9625	0
9626	0
9627	0
9628	0
9629	0
9630	0
9631	1
9632	0
9633	1
9634	0
9635	0
9636	0
9637	0
9638	0
9639	0
9640	0
9641	0
9642	0
9643	0
9644	0
9645	0
9646	1
9647	0
9648	0
9649	0
9650	1
9651	0
9652	1
9653	0
9654	0
9655	0
9656	0
9657	0
9658	1
9659	0
9660	0
9661	0
9662	0
9663	0
9664	89
9665	0
9666	1
9667	0
9668	0
9669	0
9670	0
9671	0
9672	0
9673	0
9674	0
9675	0
9676	0
9677	0
9678	1
9679	0
9680	0
9681	0
9682	0
9683	0
9684	0
9685	0
9686	1
9687	0
9688	0
9689	0
9690	0
9691	0
9692	0
9693	1
9694	0
9695	0
9696	0
9697	1
9698	0
9699	0
9700	0
9701	0
9702	0
9703	0
9704	0
9705	0
9706	0
9707	1
9708	0
9709	0
9710	0
9711	11
9712	1
9713	0
9714	1
9715	0
9716	0
9717	0
9718	0
9719	0
9720	1
9721	0
9722	0
9723	0
9724	0
9725	0
9726	0
9727	0
9728	0
9729	0
9730	1
9731	0
9732	0
9733	0
9734	1
9735	1
9736	75
9737	0
9738	1
9739	1
9740	0
9741	0
9742	0
9743	0
9744	0
9745	0
9746	0
9747	0
9748	1
9749	1
9750	0
9751	0
9752	0
9753	0
9754	0
9755	0
9756	0
9757	0
9758	1
9759	0
9760	0
9761	0
9762	0
9763	0
9764	0
9765	0
9766	89
9767	0
9768	0
9769	1
9770	0
9771	0
9772	0
9773	1
9774	0
9775	0
9776	1
9777	89
9778	0
9779	0
9780	1
9781	1
9782	1
9783	0
9784	0
9785	1
9786	0
9787	0
9788	0
9789	0
9790	0
9791	0
9792	0
9793	1
9794	1
9795	0
9796	0
9797	0
9798	0
9799	0
9800	57
9801	0
9802	1
9803	0
9804	0
9805	0
9806	0
9807	2
9808	0
9809	1
9810	0
9811	0
9812	0
9813	0
9814	1
9815	0
9816	0
9817	0
9818	0
9819	0
9820	0
9821	0
9822	0
9823	0
9824	0
9825	0
9826	9
9827	0
9828	0
9829	0
9830	1
9831	1
9832	0
9833	1
9834	0
9835	0
9836	1
9837	0
9838	0
9839	0
9840	0
9841	1
9842	0
9843	0
9844	0
9845	0
9846	1
9847	0
9848	0
9849	1
9850	0
9851	0
9852	0
9853	0
9854	0
9855	0
9856	3
9857	0
9858	0
9859	1
9860	0
9861	0
9862	89
9863	0
9864	1
9865	0
9866	1
9867	0
9868	0
9869	0
9870	0
9871	0
9872	0
9873	73
9874	0
9875	0
9876	0
9877	0
9878	0
9879	0
9880	0
9881	0
9882	1
9883	0
9884	0
9885	0
9886	0
9887	0
9888	1
9889	0
9890	0
9891	0
9892	0
9893	1
9894	1
9895	0
9896	1
9897	0
9898	0
9899	1
9900	0
9901	0
9902	0
9903	0
9904	0
9905	1
9906	1
9907	0
9908	0
9909	1
9910	0
9911	1
9912	0
9913	89
9914	0
9915	1
9916	8
9917	0
9918	0
9919	0
9920	0
9921	1
9922	0
9923	0
9924	0
9925	0
9926	0
9927	0
9928	1
9929	0
9930	0
9931	1
9932	1
9933	0
9934	1
9935	1
9936	0
9937	0
9938	0
9939	1
9940	0
9941	0
9942	1
9943	0
9944	0
9945	0
9946	0
9947	0
9948	0
9949	0
9950	0
9951	0
9952	2
9953	0
9954	1
9955	0
9956	20
9957	0
9958	0
9959	1
9960	1
9961	0
9962	0
9963	0
9964	1
9965	0
9966	0
9967	0
9968	0
9969	0
9970	0
9971	0
9972	89
9973	0
9974	1
9975	1
9976	1
9977	0
9978	1
9979	1
9980	1
9981	0
9982	0
9983	1
9984	0
9985	2
9986	1
9987	0
9988	0
9989	0
9990	1
9991	0
9992	0
9993	0
9994	0
9995	0
9996	0
9997	0
9998	0
9999	0
10000	1
10001	0
10002	0
10003	0
10004	0
10005	0
10006	0
10007	1
10008	0
10009	0
10010	1
10011	0
10012	0
10013	0
10014	0
10015	0
10016	1
10017	0
10018	1
10019	0
10020	1
10021	1
10022	1
10023	0
10024	1
10025	1
10026	0
10027	0
10028	0
10029	0
10030	0
10031	0
10032	1
10033	0
10034	0
10035	0
10036	1
10037	1
10038	0
10039	0
10040	0
10041	1
10042	0
10043	0
10044	0
10045	0
10046	0
10047	0
10048	0
10049	0
10050	0
10051	0
10052	0
10053	0
10054	0
10055	0
10056	0
10057	0
10058	0
10059	0
10060	0
10061	1
10062	0
10063	2
10064	0
10065	1
10066	0
10067	1
10068	0
10069	16
10070	0
10071	0
10072	2
10073	0
10074	1
10075	0
10076	1
10077	0
10078	7
10079	0
10080	0
10081	0
10082	0
10083	0
10084	0
10085	0
10086	0
10087	0
10088	0
10089	0
10090	0
10091	0
10092	0
10093	0
10094	0
10095	0
10096	1
10097	89
10098	0
10099	0
10100	0
10101	0
10102	1
10103	1
10104	0
10105	0
10106	0
10107	0
10108	0
10109	0
10110	0
10111	0
10112	0
10113	0
10114	0
10115	0
10116	0
10117	0
10118	0
10119	1
10120	0
10121	0
10122	0
10123	0
10124	0
10125	3
10126	1
10127	1
10128	0
10129	0
10130	0
10131	1
10132	0
10133	0
10134	1
10135	0
10136	0
10137	0
10138	0
10139	0
10140	1
10141	0
10142	0
10143	0
10144	0
10145	0
10146	0
10147	0
10148	1
10149	3
10150	0
10151	0
10152	0
10153	0
10154	0
10155	0
10156	2
10157	1
10158	1
10159	0
10160	1
10161	0
10162	0
10163	0
10164	1
10165	0
10166	0
10167	0
10168	0
10169	1
10170	6
10171	0
10172	0
10173	0
10174	0
10175	0
10176	0
10177	0
10178	0
10179	1
10180	1
10181	1
10182	0
10183	0
10184	0
10185	0
10186	0
10187	78
10188	1
10189	1
10190	1
10191	1
10192	0
10193	0
10194	0
10195	0
10196	0
10197	0
10198	0
10199	1
10200	0
10201	0
10202	4
10203	1
10204	0
10205	0
10206	0
10207	0
10208	0
10209	1
10210	1
10211	1
10212	9
10213	0
10214	0
10215	1
10216	0
10217	0
10218	0
10219	0
10220	3
10221	1
10222	0
10223	0
10224	7
10225	1
10226	89
10227	1
10228	0
10229	0
10230	0
10231	86
10232	0
10233	1
10234	0
10235	0
10236	0
10237	0
10238	0
10239	0
10240	0
10241	0
10242	0
10243	0
10244	0
10245	0
10246	0
10247	0
10248	0
10249	0
10250	0
10251	1
10252	89
10253	3
10254	1
10255	1
10256	0
10257	1
10258	0
10259	1
10260	0
10261	0
10262	0
10263	0
10264	0
10265	0
10266	0
10267	0
10268	1
10269	0
10270	0
10271	0
10272	0
10273	0
10274	0
10275	0
10276	0
10277	0
10278	1
10279	0
10280	0
10281	0
10282	0
10283	1
10284	1
10285	0
10286	0
10287	0
10288	1
10289	0
10290	0
10291	0
10292	0
10293	0
10294	0
10295	0
10296	2
10297	0
10298	0
10299	1
10300	0
10301	0
10302	0
10303	0
10304	0
10305	0
10306	0
10307	0
10308	0
10309	0
10310	0
10311	0
10312	0
10313	0
10314	0
10315	0
10316	0
10317	0
10318	0
10319	0
10320	0
10321	0
10322	1
10323	0
10324	0
10325	0
10326	0
10327	0
10328	0
10329	0
10330	1
10331	0
10332	0
10333	0
10334	0
10335	0
10336	6
10337	0
10338	0
10339	0
10340	0
10341	0
10342	0
10343	0
10344	0
10345	1
10346	0
10347	1
10348	1
10349	0
10350	0
10351	0
10352	0
10353	0
10354	2
10355	0
10356	0
10357	1
10358	0
10359	0
10360	0
10361	1
10362	0
10363	0
10364	0
10365	0
10366	0
10367	1
10368	0
10369	0
10370	0
10371	0
10372	0
10373	0
10374	0
10375	0
10376	0
10377	1
10378	0
10379	0
10380	1
10381	0
10382	6
10383	3
10384	2
10385	0
10386	0
10387	0
10388	1
10389	0
10390	0
10391	0
10392	1
10393	1
10394	0
10395	0
10396	0
10397	0
10398	0
10399	0
10400	0
10401	0
10402	1
10403	0
10404	0
10405	0
10406	0
10407	0
10408	0
10409	0
10410	0
10411	1
10412	1
10413	0
10414	4
10415	0
10416	0
10417	0
10418	1
10419	0
10420	0
10421	1
10422	0
10423	0
10424	0
10425	0
10426	0
10427	1
10428	0
10429	1
10430	1
10431	0
10432	0
10433	1
10434	1
10435	0
10436	0
10437	0
10438	0
10439	0
10440	2
10441	0
10442	0
10443	0
10444	0
10445	0
10446	0
10447	0
10448	0
10449	0
10450	0
10451	1
10452	11
10453	0
10454	1
10455	0
10456	0
10457	0
10458	0
10459	9
10460	0
10461	0
10462	0
10463	0
10464	0
10465	0
10466	0
10467	0
10468	0
10469	0
10470	1
10471	0
10472	0
10473	0
10474	0
10475	2
10476	1
10477	1
10478	0
10479	0
10480	0
10481	0
10482	1
10483	0
10484	0
10485	0
10486	8
10487	0
10488	0
10489	1
10490	0
10491	0
10492	89
10493	1
10494	0
10495	0
10496	1
10497	7
10498	0
10499	0
10500	0
10501	0
10502	0
10503	0
10504	0
10505	0
10506	0
10507	0
10508	0
10509	0
10510	0
10511	0
10512	0
10513	0
10514	2
10515	89
10516	0
10517	2
10518	0
10519	0
10520	1
10521	1
10522	1
10523	2
10524	0
10525	0
10526	0
10527	0
10528	0
10529	0
10530	0
10531	0
10532	0
10533	0
10534	89
10535	0
10536	0
10537	1
10538	0
10539	0
10540	1
10541	0
10542	5
10543	0
10544	0
10545	1
10546	0
10547	1
10548	1
10549	0
10550	0
10551	0
10552	0
10553	0
10554	0
10555	0
10556	1
10557	0
10558	1
10559	0
10560	0
10561	3
10562	0
10563	1
10564	1
10565	0
10566	0
10567	0
10568	0
10569	0
10570	0
10571	0
10572	0
10573	0
10574	0
10575	0
10576	0
10577	0
10578	1
10579	2
10580	0
10581	0
10582	0
10583	0
10584	0
10585	0
10586	0
10587	0
10588	0
10589	1
10590	0
10591	0
10592	0
10593	0
10594	0
10595	0
10596	0
10597	0
10598	1
10599	0
10600	0
10601	0
10602	0
10603	0
10604	0
10605	0
10606	0
10607	1
10608	0
10609	1
10610	1
10611	0
10612	0
10613	0
10614	0
10615	0
10616	0
10617	0
10618	0
10619	89
10620	20
10621	0
10622	0
10623	1
10624	0
10625	0
10626	0
10627	6
10628	0
10629	0
10630	8
10631	0
10632	1
10633	0
10634	1
10635	0
10636	0
10637	0
10638	0
10639	0
10640	0
10641	0
10642	0
10643	0
10644	0
10645	0
10646	0
10647	0
10648	0
10649	0
10650	1
10651	0
10652	0
10653	2
10654	0
10655	0
10656	0
10657	9
10658	0
10659	0
10660	0
10661	3
10662	0
10663	0
10664	0
10665	0
10666	2
10667	0
10668	0
10669	0
10670	11
10671	1
10672	0
10673	0
10674	1
10675	0
10676	0
10677	1
10678	0
10679	0
10680	1
10681	2
10682	1
10683	1
10684	1
10685	0
10686	0
10687	0
10688	0
10689	0
10690	0
10691	1
10692	0
10693	0
10694	0
10695	0
10696	0
10697	0
10698	0
10699	0
10700	1
10701	0
10702	0
10703	1
10704	0
10705	0
10706	3
10707	9
10708	0
10709	1
10710	0
10711	0
10712	0
10713	0
10714	0
10715	9
10716	0
10717	0
10718	0
10719	0
10720	1
10721	1
10722	1
10723	0
10724	0
10725	2
10726	1
10727	1
10728	0
10729	0
10730	0
10731	0
10732	0
10733	0
10734	0
10735	0
10736	0
10737	0
10738	0
10739	0
10740	0
10741	0
10742	0
10743	0
10744	1
10745	0
10746	0
10747	1
10748	0
10749	1
10750	0
10751	1
10752	0
10753	0
10754	0
10755	0
10756	0
10757	0
10758	0
10759	0
10760	0
10761	0
10762	0
10763	9
10764	0
10765	0
10766	0
10767	1
10768	5
10769	0
10770	1
10771	0
10772	1
10773	0
10774	0
10775	0
10776	0
10777	1
10778	0
10779	0
10780	0
10781	0
10782	0
10783	0
10784	0
10785	0
10786	0
10787	1
10788	0
10789	0
10790	0
10791	0
10792	3
10793	1
10794	0
10795	0
10796	0
10797	0
10798	0
10799	0
10800	0
10801	0
10802	1
10803	0
10804	0
10805	4
10806	0
10807	0
10808	0
10809	1
10810	0
10811	0
10812	0
10813	0
10814	0
10815	0
10816	0
10817	0
10818	0
10819	0
10820	0
10821	0
10822	0
10823	1
10824	0
10825	0
10826	20
10827	0
10828	0
10829	0
10830	0
10831	1
10832	0
10833	0
10834	0
10835	1
10836	1
10837	1
10838	0
10839	1
10840	1
10841	0
10842	1
10843	0
10844	2
10845	1
10846	1
10847	1
10848	0
10849	0
10850	0
10851	0
10852	0
10853	0
10854	0
10855	0
10856	0
10857	0
10858	0
10859	0
10860	0
10861	0
10862	1
10863	0
10864	0
10865	0
10866	1
10867	1
10868	0
10869	1
10870	0
10871	0
10872	0
10873	0
10874	0
10875	0
10876	0
10877	0
10878	0
10879	0
10880	0
10881	0
10882	0
10883	0
10884	1
10885	0
10886	0
10887	0
10888	0
10889	0
10890	0
10891	20
10892	1
10893	0
10894	0
10895	0
10896	1
10897	0
10898	1
10899	0
10900	0
10901	1
10902	0
10903	0
10904	0
10905	0
10906	0
10907	0
10908	0
10909	0
10910	1
10911	0
10912	0
10913	1
10914	0
10915	0
10916	0
10917	0
10918	0
10919	0
10920	6
10921	0
10922	0
10923	0
10924	0
10925	0
10926	0
10927	0
10928	0
10929	0
10930	0
10931	0
10932	0
10933	0
10934	0
10935	1
10936	0
10937	1
10938	0
10939	0
10940	0
10941	0
10942	0
10943	0
10944	0
10945	0
10946	0
10947	0
10948	1
10949	0
10950	0
10951	0
10952	0
10953	0
10954	0
10955	0
10956	0
10957	0
10958	0
10959	3
10960	0
10961	0
10962	0
10963	0
10964	0
10965	0
10966	0
10967	0
10968	0
10969	0
10970	0
10971	1
10972	0
10973	0
10974	0
10975	0
10976	0
10977	89
10978	0
10979	0
10980	0
10981	0
10982	1
10983	1
10984	89
10985	2
10986	0
10987	0
10988	0
10989	0
10990	0
10991	0
10992	0
10993	0
10994	0
10995	0
10996	0
10997	1
10998	0
10999	0
11000	0
11001	0
11002	1
11003	0
11004	1
11005	2
11006	9
11007	1
11008	0
11009	1
11010	0
11011	0
11012	0
11013	0
11014	1
11015	0
11016	0
11017	0
11018	1
11019	0
11020	0
11021	0
11022	0
11023	1
11024	1
11025	0
11026	0
11027	1
11028	0
11029	0
11030	0
11031	89
11032	0
11033	0
11034	0
11035	0
11036	0
11037	0
11038	0
11039	0
11040	0
11041	0
11042	0
11043	0
11044	0
11045	1
11046	1
11047	0
11048	0
11049	0
11050	0
11051	0
11052	0
11053	1
11054	0
11055	0
11056	0
11057	0
11058	0
11059	0
11060	1
11061	1
11062	0
11063	1
11064	0
11065	0
11066	0
11067	0
11068	0
11069	1
11070	88
11071	0
11072	1
11073	0
11074	0
11075	1
11076	0
11077	0
11078	0
11079	0
11080	0
11081	0
11082	0
11083	0
11084	0
11085	0
11086	0
11087	0
11088	1
11089	1
11090	0
11091	2
11092	0
11093	1
11094	0
11095	1
11096	0
11097	2
11098	0
11099	0
11100	0
11101	0
11102	0
11103	0
11104	0
11105	0
11106	0
11107	0
11108	0
11109	0
11110	1
11111	1
11112	0
11113	1
11114	0
11115	0
11116	0
11117	0
11118	0
11119	0
11120	0
11121	0
11122	0
11123	1
11124	0
11125	0
11126	0
11127	1
11128	1
11129	1
11130	0
11131	0
11132	0
11133	1
11134	0
11135	0
11136	0
11137	0
11138	1
11139	1
11140	1
11141	1
11142	1
11143	1
11144	1
11145	1
11146	0
11147	0
11148	0
11149	1
11150	0
11151	0
11152	0
11153	0
11154	0
11155	0
11156	0
11157	0
11158	0
11159	0
11160	0
11161	0
11162	0
11163	0
11164	0
11165	1
11166	0
11167	1
11168	0
11169	0
11170	0
11171	1
11172	0
11173	0
11174	0
11175	0
11176	0
11177	0
11178	0
11179	1
11180	1
11181	0
11182	0
11183	0
11184	89
11185	0
11186	1
11187	1
11188	1
11189	0
11190	0
11191	1
11192	1
11193	0
11194	0
11195	0
11196	0
11197	0
11198	0
11199	0
11200	0
11201	1
11202	1
11203	0
11204	0
11205	1
11206	0
11207	0
11208	0
11209	1
11210	0
11211	0
11212	1
11213	0
11214	0
11215	0
11216	1
11217	0
11218	0
11219	0
11220	0
11221	0
11222	0
11223	0
11224	0
11225	0
11226	0
11227	0
11228	0
11229	0
11230	0
11231	0
11232	1
11233	0
11234	0
11235	0
11236	0
11237	0
11238	0
11239	0
11240	0
11241	0
11242	0
11243	0
11244	0
11245	1
11246	0
11247	1
11248	0
11249	0
11250	0
11251	0
11252	0
11253	0
11254	0
11255	0
11256	0
11257	1
11258	0
11259	1
11260	0
11261	1
11262	0
11263	1
11264	0
11265	0
11266	0
11267	0
11268	0
11269	0
11270	0
11271	0
11272	0
11273	1
11274	0
11275	0
11276	89
11277	0
11278	0
11279	0
11280	0
11281	1
11282	0
11283	0
11284	1
11285	3
11286	0
11287	0
11288	0
11289	0
11290	0
11291	0
11292	0
11293	0
11294	0
11295	0
11296	0
11297	0
11298	0
11299	0
11300	0
11301	0
11302	0
11303	20
11304	1
11305	1
11306	1
11307	1
11308	1
11309	0
11310	0
11311	0
11312	0
11313	1
11314	0
11315	0
11316	0
11317	0
11318	0
11319	0
11320	0
11321	0
11322	0
11323	2
11324	1
11325	6
11326	0
11327	0
11328	0
11329	1
11330	1
11331	0
11332	0
11333	0
11334	0
11335	1
11336	0
11337	1
11338	0
11339	0
11340	0
11341	0
11342	0
11343	0
11344	0
11345	1
11346	1
11347	0
11348	6
11349	0
11350	0
11351	0
11352	0
11353	1
11354	0
11355	2
11356	0
11357	0
11358	0
11359	0
11360	0
11361	0
11362	0
11363	0
11364	0
11365	0
11366	0
11367	0
11368	0
11369	0
11370	1
11371	0
11372	0
11373	0
11374	0
11375	0
11376	0
11377	0
11378	1
11379	0
11380	0
11381	1
11382	0
11383	1
11384	0
11385	1
11386	0
11387	0
11388	0
11389	1
11390	0
11391	1
11392	1
11393	20
11394	0
11395	0
11396	0
11397	0
11398	0
11399	0
11400	0
11401	0
11402	0
11403	0
11404	0
11405	0
11406	0
11407	0
11408	0
11409	0
11410	0
11411	0
11412	1
11413	0
11414	0
11415	8
11416	1
11417	1
11418	0
11419	0
11420	0
11421	0
11422	0
11423	1
11424	1
11425	1
11426	1
11427	0
11428	1
11429	0
11430	0
11431	0
11432	0
11433	0
11434	0
11435	0
11436	0
11437	75
11438	0
11439	1
11440	0
11441	1
11442	0
11443	0
11444	0
11445	0
11446	0
11447	0
11448	0
11449	1
11450	0
11451	0
11452	0
11453	1
11454	0
11455	1
11456	1
11457	1
11458	0
11459	1
11460	0
11461	9
11462	0
11463	1
11464	1
11465	0
11466	0
11467	0
11468	0
11469	0
11470	0
11471	0
11472	0
11473	0
11474	0
11475	0
11476	0
11477	0
11478	0
11479	0
11480	0
11481	0
11482	1
11483	0
11484	0
11485	0
11486	0
11487	0
11488	0
11489	0
11490	0
11491	0
11492	0
11493	0
11494	0
11495	0
11496	1
11497	0
11498	2
11499	0
11500	0
11501	0
11502	1
11503	0
11504	0
11505	0
11506	1
11507	0
11508	0
11509	0
11510	0
11511	0
11512	0
11513	0
11514	0
11515	1
11516	1
11517	0
11518	1
11519	0
11520	1
11521	0
11522	0
11523	0
11524	0
11525	0
11526	0
11527	0
11528	0
11529	0
11530	0
11531	0
11532	0
11533	5
11534	1
11535	1
11536	0
11537	0
11538	0
11539	1
11540	1
11541	0
11542	0
11543	0
11544	0
11545	1
11546	0
11547	1
11548	0
11549	0
11550	0
11551	0
11552	1
11553	0
11554	1
11555	0
11556	1
11557	89
11558	0
11559	0
11560	0
11561	0
11562	0
11563	0
11564	0
11565	0
11566	0
11567	0
11568	0
11569	0
11570	1
11571	0
11572	1
11573	0
11574	0
11575	0
11576	0
11577	0
11578	0
11579	0
11580	0
11581	0
11582	0
11583	0
11584	0
11585	0
11586	1
11587	0
11588	0
11589	0
11590	6
11591	0
11592	0
11593	0
11594	2
11595	1
11596	1
11597	0
11598	0
11599	0
11600	0
11601	0
11602	0
11603	1
11604	1
11605	0
11606	0
11607	0
11608	0
11609	0
11610	1
11611	0
11612	0
11613	0
11614	0
11615	0
11616	0
11617	0
11618	1
11619	2
11620	0
11621	0
11622	2
11623	1
11624	0
11625	0
11626	0
11627	0
11628	1
11629	0
11630	0
11631	0
11632	1
11633	0
11634	89
11635	0
11636	0
11637	1
11638	1
11639	1
11640	0
11641	0
11642	0
11643	1
11644	0
11645	0
11646	1
11647	0
11648	0
11649	0
11650	0
11651	0
11652	0
11653	0
11654	0
11655	1
11656	1
11657	0
11658	1
11659	0
11660	0
11661	0
11662	0
11663	0
11664	0
11665	1
11666	0
11667	0
11668	0
11669	1
11670	0
11671	89
11672	1
11673	0
11674	0
11675	0
11676	0
11677	0
11678	0
11679	0
11680	0
11681	0
11682	1
11683	0
11684	0
11685	0
11686	1
11687	0
11688	1
11689	1
11690	1
11691	0
11692	0
11693	0
11694	0
11695	2
11696	0
11697	0
11698	0
11699	0
11700	0
11701	0
11702	0
11703	0
11704	0
11705	0
11706	0
11707	0
11708	0
11709	0
11710	0
11711	2
11712	0
11713	8
11714	0
11715	0
11716	1
11717	1
11718	1
11719	0
11720	1
11721	0
11722	0
11723	0
11724	0
11725	0
11726	0
11727	0
11728	0
11729	0
11730	0
11731	0
11732	0
11733	0
11734	0
11735	0
11736	0
11737	0
11738	7
11739	1
11740	0
11741	0
11742	0
11743	0
11744	0
11745	0
11746	0
11747	1
11748	0
11749	0
11750	0
11751	0
11752	0
11753	0
11754	0
11755	0
11756	0
11757	0
11758	0
11759	1
11760	1
11761	0
11762	0
11763	0
11764	0
11765	1
11766	0
11767	0
11768	0
11769	0
11770	1
11771	0
11772	0
11773	1
11774	0
11775	0
11776	2
11777	0
11778	0
11779	0
11780	1
11781	0
11782	0
11783	2
11784	0
11785	0
11786	0
11787	0
11788	12
11789	0
11790	0
11791	0
11792	0
11793	1
11794	1
11795	1
11796	0
11797	0
11798	1
11799	0
11800	1
11801	0
11802	0
11803	1
11804	0
11805	2
11806	0
11807	8
11808	0
11809	0
11810	0
11811	0
11812	0
11813	0
11814	0
11815	0
11816	4
11817	0
11818	0
11819	0
11820	8
11821	0
11822	1
11823	0
11824	0
11825	1
11826	0
11827	82
11828	1
11829	0
11830	0
11831	9
11832	0
11833	0
11834	0
11835	1
11836	0
11837	0
11838	1
11839	0
11840	0
11841	0
11842	0
11843	0
11844	0
11845	0
11846	0
11847	0
11848	0
11849	1
11850	0
11851	0
11852	0
11853	0
11854	0
11855	0
11856	0
11857	0
11858	0
11859	0
11860	0
11861	1
11862	0
11863	0
11864	1
11865	1
11866	1
11867	1
11868	0
11869	0
11870	1
11871	1
11872	0
11873	0
11874	0
11875	0
11876	0
11877	1
11878	1
11879	0
11880	0
11881	0
11882	0
11883	0
11884	1
11885	0
11886	0
11887	0
11888	0
11889	7
11890	0
11891	0
11892	0
11893	1
11894	0
11895	9
11896	0
11897	0
11898	0
11899	0
11900	0
11901	0
11902	0
11903	0
11904	0
11905	1
11906	0
11907	1
11908	0
11909	0
11910	2
11911	0
11912	0
11913	0
11914	0
11915	3
11916	1
11917	0
11918	0
11919	0
11920	0
11921	0
11922	0
11923	0
11924	0
11925	0
11926	0
11927	0
11928	0
11929	1
11930	0
11931	0
11932	1
11933	0
11934	87
11935	0
11936	0
11937	0
11938	0
11939	0
11940	0
11941	0
11942	0
11943	1
11944	0
11945	0
11946	1
11947	1
11948	1
11949	1
11950	1
11951	1
11952	0
11953	0
11954	0
11955	0
11956	0
11957	0
11958	0
11959	0
11960	0
11961	0
11962	0
11963	0
11964	1
11965	0
11966	0
11967	0
11968	0
11969	0
11970	0
11971	0
11972	0
11973	0
11974	0
11975	0
11976	0
11977	0
11978	0
11979	0
11980	0
11981	0
11982	7
11983	0
11984	1
11985	0
11986	1
11987	0
11988	0
11989	1
11990	0
11991	1
11992	0
11993	0
11994	0
11995	0
11996	0
11997	1
11998	0
11999	1
12000	1
12001	0
12002	0
12003	0
12004	20
12005	1
12006	1
12007	1
12008	0
12009	0
12010	1
12011	0
12012	0
12013	0
12014	0
12015	1
12016	0
12017	0
12018	0
12019	0
12020	0
12021	0
12022	0
12023	0
12024	0
12025	0
12026	0
12027	0
12028	0
12029	0
12030	0
12031	1
12032	0
12033	0
12034	0
12035	0
12036	0
12037	0
12038	0
12039	0
12040	0
12041	0
12042	0
12043	0
12044	0
12045	0
12046	0
12047	0
12048	0
12049	0
12050	0
12051	0
12052	9
12053	0
12054	1
12055	0
12056	0
12057	1
12058	0
12059	1
12060	0
12061	0
12062	0
12063	0
12064	0
12065	0
12066	0
12067	89
12068	0
12069	0
12070	0
12071	1
12072	1
12073	0
12074	11
12075	1
12076	1
12077	0
12078	1
12079	0
12080	0
12081	0
12082	0
12083	0
12084	0
12085	0
12086	0
12087	0
12088	0
12089	1
12090	0
12091	0
12092	0
12093	0
12094	0
12095	0
12096	0
12097	0
12098	1
12099	0
12100	0
12101	0
12102	0
12103	0
12104	0
12105	0
12106	1
12107	0
12108	0
12109	0
12110	0
12111	0
12112	0
12113	0
12114	0
12115	0
12116	6
12117	0
12118	0
12119	1
12120	6
12121	1
12122	0
12123	0
12124	1
12125	0
12126	0
12127	4
12128	0
12129	0
12130	1
12131	0
12132	0
12133	0
12134	0
12135	0
12136	0
12137	0
12138	0
12139	0
12140	0
12141	11
12142	1
12143	0
12144	1
12145	0
12146	6
12147	3
12148	9
12149	1
12150	0
12151	0
12152	0
12153	1
12154	20
12155	0
12156	0
12157	0
12158	0
12159	0
12160	0
12161	0
12162	89
12163	0
12164	0
12165	1
12166	0
12167	0
12168	0
12169	0
12170	1
12171	0
12172	1
12173	0
12174	0
12175	1
12176	0
12177	0
12178	0
12179	1
12180	0
12181	0
12182	0
12183	4
12184	0
12185	0
12186	0
12187	0
12188	1
12189	0
12190	1
12191	0
12192	0
12193	1
12194	1
12195	0
12196	0
12197	0
12198	0
12199	0
12200	0
12201	0
12202	0
12203	0
12204	0
12205	0
12206	0
12207	0
12208	1
12209	0
12210	1
12211	0
12212	0
12213	1
12214	0
12215	0
12216	0
12217	0
12218	0
12219	0
12220	0
12221	0
12222	1
12223	0
12224	0
12225	0
12226	0
12227	1
12228	0
12229	0
12230	75
12231	0
12232	0
12233	0
12234	0
12235	0
12236	0
12237	0
12238	0
12239	0
12240	0
12241	0
12242	0
12243	1
12244	0
12245	1
12246	0
12247	0
12248	0
12249	0
12250	0
12251	1
12252	1
12253	2
12254	1
12255	0
12256	1
12257	0
12258	0
12259	0
12260	1
12261	0
12262	0
12263	0
12264	1
12265	0
12266	0
12267	0
12268	0
12269	0
12270	1
12271	0
12272	0
12273	0
12274	1
12275	0
12276	1
12277	1
12278	0
12279	0
12280	0
12281	0
12282	0
12283	0
12284	86
12285	0
12286	0
12287	1
12288	1
12289	0
12290	0
12291	9
12292	0
12293	0
12294	9
12295	0
12296	0
12297	0
12298	0
12299	0
12300	0
12301	1
12302	0
12303	0
12304	0
12305	0
12306	1
12307	0
12308	0
12309	0
12310	0
12311	1
12312	0
12313	0
12314	0
12315	0
12316	0
12317	0
12318	0
12319	0
12320	0
12321	0
12322	1
12323	1
12324	0
12325	0
12326	0
12327	0
12328	0
12329	1
12330	0
12331	0
12332	0
12333	0
12334	1
12335	0
12336	1
12337	0
12338	12
12339	0
12340	0
12341	0
12342	0
12343	1
12344	0
12345	1
12346	0
12347	2
12348	2
12349	1
12350	0
12351	0
12352	1
12353	1
12354	0
12355	0
12356	1
12357	0
12358	0
12359	0
12360	0
12361	0
12362	0
12363	0
12364	0
12365	0
12366	0
12367	0
12368	0
12369	0
12370	1
12371	1
12372	0
12373	0
12374	0
12375	1
12376	1
12377	0
12378	1
12379	1
12380	2
12381	0
12382	0
12383	1
12384	1
12385	0
12386	0
12387	0
12388	0
12389	0
12390	0
12391	1
12392	0
12393	0
12394	1
12395	1
12396	89
12397	0
12398	1
12399	1
12400	1
12401	0
12402	0
12403	0
12404	0
12405	0
12406	0
12407	1
12408	0
12409	0
12410	0
12411	0
12412	0
12413	0
12414	0
12415	0
12416	0
12417	0
12418	0
12419	0
12420	0
12421	0
12422	0
12423	0
12424	0
12425	0
12426	0
12427	0
12428	0
12429	0
12430	89
12431	0
12432	0
12433	0
12434	1
12435	0
12436	0
12437	1
12438	1
12439	1
12440	0
12441	0
12442	0
12443	0
12444	0
12445	78
12446	0
12447	0
12448	0
12449	0
12450	0
12451	0
12452	0
12453	0
12454	0
12455	0
12456	0
12457	0
12458	0
12459	2
12460	0
12461	0
12462	0
12463	0
12464	1
12465	0
12466	0
12467	0
12468	0
12469	0
12470	0
12471	0
12472	0
12473	1
12474	0
12475	0
12476	0
12477	0
12478	0
12479	0
12480	0
12481	0
12482	0
12483	0
12484	0
12485	0
12486	1
12487	0
12488	0
12489	0
12490	0
12491	0
12492	0
12493	0
12494	1
12495	0
12496	0
12497	0
12498	0
12499	0
12500	0
12501	0
12502	0
12503	0
12504	1
12505	0
12506	1
12507	1
12508	0
12509	0
12510	0
12511	1
12512	1
12513	2
12514	0
12515	0
12516	0
12517	0
12518	0
12519	1
12520	1
12521	0
12522	0
12523	1
12524	0
12525	0
12526	0
12527	1
12528	0
12529	0
12530	0
12531	0
12532	0
12533	0
12534	0
12535	0
12536	0
12537	0
12538	0
12539	0
12540	0
12541	0
12542	0
12543	1
12544	1
12545	1
12546	0
12547	0
12548	0
12549	1
12550	1
12551	0
12552	0
12553	7
12554	0
12555	1
12556	0
12557	0
12558	0
12559	0
12560	1
12561	0
12562	2
12563	1
12564	1
12565	0
12566	1
12567	1
12568	1
12569	0
12570	0
12571	0
12572	0
12573	1
12574	1
12575	0
12576	1
12577	0
12578	0
12579	0
12580	1
12581	0
12582	0
12583	0
12584	0
12585	11
12586	0
12587	0
12588	0
12589	1
12590	1
12591	0
12592	1
12593	0
12594	0
12595	0
12596	0
12597	0
12598	0
12599	0
12600	0
12601	0
12602	0
12603	0
12604	0
12605	0
12606	0
12607	0
12608	0
12609	0
12610	0
12611	0
12612	2
12613	13
12614	0
12615	0
12616	1
12617	0
12618	0
12619	0
12620	0
12621	1
12622	1
12623	0
12624	0
12625	0
12626	0
12627	0
12628	0
12629	0
12630	0
12631	1
12632	0
12633	0
12634	0
12635	0
12636	0
12637	0
12638	2
12639	1
12640	1
12641	0
12642	0
12643	0
12644	0
12645	0
12646	0
12647	0
12648	0
12649	0
12650	0
12651	0
12652	0
12653	0
12654	0
12655	7
12656	0
12657	0
12658	1
12659	0
12660	0
12661	0
12662	0
12663	0
12664	0
12665	0
12666	0
12667	0
12668	0
12669	0
12670	0
12671	0
12672	0
12673	1
12674	0
12675	0
12676	0
12677	1
12678	0
12679	1
12680	8
12681	1
12682	0
12683	0
12684	0
12685	0
12686	0
12687	0
12688	0
12689	0
12690	1
12691	0
12692	1
12693	0
12694	0
12695	0
12696	0
12697	0
12698	0
12699	1
12700	1
12701	0
12702	0
12703	1
12704	0
12705	0
12706	0
12707	0
12708	0
12709	0
12710	1
12711	0
12712	1
12713	0
12714	0
12715	0
12716	0
12717	0
12718	0
12719	0
12720	0
12721	0
12722	0
12723	1
12724	0
12725	0
12726	0
12727	0
12728	1
12729	1
12730	0
12731	1
12732	0
12733	0
12734	0
12735	0
12736	0
12737	0
12738	0
12739	0
12740	1
12741	1
12742	0
12743	0
12744	0
12745	0
12746	0
12747	0
12748	0
12749	0
12750	0
12751	0
12752	0
12753	0
12754	0
12755	0
12756	89
12757	0
12758	5
12759	0
12760	0
12761	0
12762	1
12763	0
12764	1
12765	0
12766	0
12767	1
12768	0
12769	0
12770	0
12771	0
12772	9
12773	0
12774	1
12775	0
12776	0
12777	0
12778	0
12779	1
12780	0
12781	1
12782	0
12783	0
12784	0
12785	0
12786	1
12787	2
12788	0
12789	0
12790	0
12791	0
12792	0
12793	0
12794	0
12795	0
12796	0
12797	0
12798	0
12799	0
12800	0
12801	0
12802	0
12803	89
12804	0
12805	0
12806	1
12807	1
12808	0
12809	0
12810	0
12811	0
12812	20
12813	1
12814	0
12815	0
12816	0
12817	0
12818	0
12819	0
12820	0
12821	0
12822	20
12823	0
12824	0
12825	0
12826	1
12827	2
12828	89
12829	0
12830	0
12831	1
12832	0
12833	1
12834	0
12835	0
12836	0
12837	1
12838	0
12839	0
12840	0
12841	0
12842	0
12843	0
12844	0
12845	0
12846	0
12847	0
12848	0
12849	0
12850	1
12851	0
12852	0
12853	0
12854	0
12855	0
12856	1
12857	0
12858	0
12859	0
12860	1
12861	0
12862	1
12863	0
12864	0
12865	0
12866	0
12867	0
12868	0
12869	0
12870	0
12871	0
12872	1
12873	1
12874	0
12875	0
12876	89
12877	0
12878	0
12879	1
12880	0
12881	1
12882	0
12883	0
12884	0
12885	0
12886	1
12887	0
12888	1
12889	1
12890	0
12891	0
12892	1
12893	0
12894	0
12895	0
12896	0
12897	0
12898	0
12899	1
12900	0
12901	0
12902	0
12903	0
12904	0
12905	0
12906	0
12907	0
12908	0
12909	0
12910	0
12911	1
12912	1
12913	0
12914	0
12915	0
12916	0
12917	0
12918	0
12919	2
12920	0
12921	1
12922	0
12923	0
12924	0
12925	0
12926	0
12927	0
12928	0
12929	1
12930	0
12931	0
12932	0
12933	0
12934	1
12935	0
12936	0
12937	0
12938	0
12939	0
12940	0
12941	0
12942	1
12943	0
12944	0
12945	0
12946	3
12947	0
12948	0
12949	0
12950	2
12951	1
12952	0
12953	0
12954	0
12955	0
12956	0
12957	0
12958	1
12959	3
12960	0
12961	0
12962	3
12963	1
12964	1
12965	0
12966	88
12967	0
12968	1
12969	0
12970	0
12971	0
12972	0
12973	0
12974	0
12975	0
12976	0
12977	0
12978	0
12979	0
12980	0
12981	0
12982	0
12983	0
12984	0
12985	1
12986	0
12987	9
12988	2
12989	0
12990	1
12991	1
12992	0
12993	0
12994	0
12995	1
12996	0
12997	0
12998	0
12999	0
13000	0
13001	0
13002	0
13003	1
13004	89
13005	0
13006	0
13007	66
13008	0
13009	20
13010	0
13011	0
13012	0
13013	0
13014	1
13015	0
13016	0
13017	0
13018	0
13019	0
13020	0
13021	0
13022	0
13023	0
13024	3
13025	1
13026	0
13027	0
13028	0
13029	1
13030	0
13031	0
13032	0
13033	1
13034	0
13035	0
13036	0
13037	0
13038	0
13039	0
13040	0
13041	1
13042	1
13043	0
13044	0
13045	0
13046	0
13047	0
13048	0
13049	0
13050	0
13051	0
13052	1
13053	0
13054	0
13055	0
13056	0
13057	0
13058	0
13059	0
13060	0
13061	0
13062	1
13063	0
13064	0
13065	0
13066	0
13067	1
13068	0
13069	1
13070	0
13071	0
13072	0
13073	0
13074	0
13075	0
13076	1
13077	0
13078	0
13079	0
13080	0
13081	0
13082	9
13083	1
13084	0
13085	1
13086	0
13087	0
13088	0
13089	0
13090	0
13091	0
13092	0
13093	0
13094	0
13095	0
13096	0
13097	0
13098	0
13099	0
13100	0
13101	1
13102	0
13103	0
13104	0
13105	0
13106	3
13107	9
13108	3
13109	1
13110	0
13111	0
13112	0
13113	1
13114	0
13115	0
13116	0
13117	0
13118	0
13119	0
13120	0
13121	0
13122	0
13123	0
13124	0
13125	0
13126	0
13127	0
13128	0
13129	0
13130	0
13131	0
13132	1
13133	0
13134	0
13135	0
13136	0
13137	0
13138	0
13139	0
13140	1
13141	0
13142	0
13143	0
13144	0
13145	0
13146	0
13147	0
13148	1
13149	0
13150	0
13151	0
13152	0
13153	0
13154	1
13155	0
13156	0
13157	0
13158	8
13159	0
13160	1
13161	0
13162	0
13163	0
13164	0
13165	0
13166	0
13167	0
13168	0
13169	0
13170	0
13171	3
13172	0
13173	0
13174	0
13175	1
13176	0
13177	0
13178	0
13179	0
13180	0
13181	0
13182	0
13183	0
13184	0
13185	0
13186	0
13187	0
13188	0
13189	0
13190	0
13191	0
13192	1
13193	0
13194	1
13195	0
13196	9
13197	1
13198	0
13199	0
13200	0
13201	0
13202	7
13203	1
13204	0
13205	0
13206	0
13207	0
13208	0
13209	0
13210	0
13211	0
13212	1
13213	0
13214	0
13215	0
13216	1
13217	0
13218	0
13219	0
13220	0
13221	1
13222	0
13223	0
13224	0
13225	0
13226	0
13227	1
13228	1
13229	0
13230	1
13231	3
13232	0
13233	1
13234	0
13235	1
13236	1
13237	0
13238	0
13239	0
13240	0
13241	0
13242	0
13243	0
13244	1
13245	1
13246	3
13247	0
13248	0
13249	0
13250	0
13251	0
13252	0
13253	11
13254	0
13255	0
13256	0
13257	0
13258	1
13259	0
13260	0
13261	0
13262	0
13263	0
13264	0
13265	0
13266	0
13267	0
13268	0
13269	0
13270	0
13271	0
13272	0
13273	0
13274	1
13275	1
13276	20
13277	1
13278	0
13279	0
13280	0
13281	0
13282	0
13283	0
13284	0
13285	0
13286	0
13287	0
13288	0
13289	0
13290	0
13291	0
13292	0
13293	1
13294	0
13295	0
13296	0
13297	0
13298	1
13299	2
13300	0
13301	0
13302	0
13303	0
13304	0
13305	0
13306	1
13307	11
13308	9
13309	0
13310	0
13311	0
13312	0
13313	0
13314	1
13315	0
13316	0
13317	1
13318	0
13319	0
13320	0
13321	0
13322	2
13323	0
13324	0
13325	1
13326	0
13327	0
13328	0
13329	0
13330	1
13331	1
13332	0
13333	0
13334	0
13335	0
13336	0
13337	0
13338	0
13339	1
13340	1
13341	0
13342	1
13343	20
13344	1
13345	0
13346	1
13347	0
13348	0
13349	0
13350	0
13351	0
13352	0
13353	0
13354	0
13355	0
13356	0
13357	1
13358	0
13359	0
13360	0
13361	0
13362	3
13363	1
13364	0
13365	0
13366	0
13367	0
13368	0
13369	0
13370	0
13371	1
13372	89
13373	0
13374	1
13375	0
13376	0
13377	0
13378	0
13379	0
13380	0
13381	0
13382	0
13383	0
13384	0
13385	0
13386	1
13387	0
13388	0
13389	1
13390	0
13391	0
13392	0
13393	1
13394	0
13395	0
13396	0
13397	0
13398	0
13399	0
13400	0
13401	0
13402	0
13403	0
13404	0
13405	0
13406	0
13407	0
13408	0
13409	0
13410	1
13411	1
13412	0
13413	0
13414	0
13415	0
13416	0
13417	0
13418	0
13419	0
13420	0
13421	0
13422	0
13423	0
13424	0
13425	0
13426	0
13427	0
13428	0
13429	0
13430	1
13431	2
13432	0
13433	0
13434	1
13435	1
13436	1
13437	0
13438	0
13439	0
13440	0
13441	0
13442	0
13443	0
13444	0
13445	0
13446	0
13447	0
13448	1
13449	0
13450	1
13451	0
13452	0
13453	1
13454	0
13455	0
13456	0
13457	0
13458	0
13459	0
13460	0
13461	0
13462	0
13463	0
13464	0
13465	1
13466	1
13467	0
13468	1
13469	0
13470	1
13471	0
13472	11
13473	1
13474	0
13475	0
13476	0
13477	1
13478	1
13479	1
13480	0
13481	0
13482	0
13483	0
13484	0
13485	1
13486	0
13487	0
13488	0
13489	89
13490	0
13491	1
13492	0
13493	0
13494	0
13495	0
13496	0
13497	0
13498	0
13499	0
13500	1
13501	0
13502	0
13503	0
13504	0
13505	0
13506	0
13507	0
13508	0
13509	0
13510	1
13511	7
13512	0
13513	0
13514	0
13515	1
13516	0
13517	0
13518	12
13519	0
13520	0
13521	1
13522	12
13523	0
13524	20
13525	1
