0	703
1	11
2	1
3	703
4	5
5	1
6	0
7	0
8	0
9	0
10	0
11	0
12	1
13	0
14	1
15	0
16	1
17	1
18	0
19	1
20	0
21	703
22	0
23	0
24	0
25	1
26	1
27	0
28	1
29	0
30	0
31	0
32	2
33	1
34	0
35	0
36	0
37	0
38	11
39	0
40	1
41	0
42	0
43	0
44	0
45	1
46	0
47	0
48	0
49	0
50	0
51	18
52	85
53	0
54	0
55	1
56	2
57	0
58	1
59	0
60	1
61	1
62	10
63	0
64	293
65	0
66	1
67	0
68	0
69	0
70	0
71	0
72	1
73	0
74	703
75	703
76	0
77	1
78	1
79	0
80	0
81	4
82	703
83	0
84	0
85	0
86	0
87	0
88	1
89	0
90	0
91	0
92	22
93	0
94	0
95	0
96	703
97	0
98	1
99	1
100	0
101	1
102	0
103	698
104	0
105	703
106	703
107	0
108	0
109	20
110	0
111	1
112	1
113	0
114	1
115	1
116	1
117	0
118	1
119	0
120	703
121	0
122	0
123	2
124	0
125	0
126	1
127	1
128	1
129	84
130	3
131	1
132	0
133	0
134	0
135	0
136	0
137	0
138	1
139	0
140	1
141	1
142	1
143	1
144	1
145	0
146	1
147	1
148	0
149	12
150	0
151	0
152	1
153	0
154	0
155	703
156	0
157	0
158	8
159	0
160	0
161	0
162	0
163	0
164	0
165	0
166	0
167	2
168	1
169	0
170	703
171	1
172	0
173	1
174	20
175	0
176	0
177	1
178	703
179	0
180	703
181	0
182	0
183	0
184	0
185	0
186	703
187	0
188	0
189	1
190	2
191	0
192	1
193	0
194	0
195	3
196	0
197	0
198	0
199	12
200	0
201	1
202	1
203	0
204	0
205	667
206	0
207	1
208	1
209	3
210	1
211	2
212	2
213	1
214	0
215	0
216	0
217	0
218	1
219	0
220	0
221	0
222	0
223	0
224	0
225	0
226	0
227	0
228	212
229	1
230	0
231	0
232	0
233	0
234	1
235	1
236	0
237	678
238	1
239	0
240	0
241	0
242	1
243	0
244	1
245	0
246	703
247	1
248	1
249	0
250	1
251	0
252	1
253	2
254	0
255	0
256	1
257	1
258	2
259	0
260	1
261	0
262	0
263	0
264	0
265	1
266	0
267	0
268	0
269	0
270	0
271	0
272	0
273	0
274	703
275	0
276	0
277	1
278	0
279	1
280	0
281	0
282	0
283	0
284	1
285	12
286	0
287	1
288	0
289	1
290	1
291	0
292	1
293	0
294	0
295	0
296	0
297	0
298	703
299	0
300	0
301	1
302	1
303	0
304	1
305	6
306	0
307	0
308	0
309	0
310	0
311	0
312	0
313	0
314	0
315	11
316	1
317	1
318	1
319	0
320	1
321	0
322	0
323	0
324	124
325	0
326	0
327	4
328	1
329	1
330	0
331	1
332	703
333	1
334	1
335	0
336	0
337	1
338	1
339	1
340	1
341	1
342	0
343	1
344	1
345	0
346	0
347	0
348	0
349	0
350	0
351	1
352	15
353	0
354	2
355	0
356	0
357	1
358	1
359	1
360	199
361	1
362	0
363	2
364	0
365	0
366	0
367	0
368	658
369	0
370	703
371	0
372	0
373	1
374	20
375	0
376	703
377	1
378	703
379	1
380	1
381	0
382	0
383	0
384	1
385	0
386	0
387	0
388	0
389	20
390	8
391	1
392	1
393	0
394	0
395	0
396	1
397	0
398	0
399	20
400	1
401	142
402	703
403	0
404	0
405	1
406	1
407	0
408	0
409	0
410	0
411	1
412	0
413	1
414	1
415	545
416	0
417	0
418	0
419	85
420	703
421	0
422	0
423	0
424	1
425	0
426	1
427	1
428	0
429	1
430	1
431	0
432	703
433	0
434	0
435	1
436	1
437	0
438	0
439	0
440	0
441	0
442	703
443	0
444	0
445	0
446	0
447	0
448	1
449	0
450	1
451	0
452	0
453	0
454	0
455	1
456	0
457	703
458	1
459	0
460	11
461	9
462	0
463	0
464	0
465	0
466	0
467	6
468	0
469	1
470	0
471	0
472	0
473	1
474	1
475	1
476	0
477	1
478	0
479	280
480	1
481	1
482	27
483	1
484	0
485	0
486	0
487	0
488	10
489	1
490	1
491	1
492	0
493	0
494	0
495	0
496	1
497	1
498	1
499	703
500	1
501	0
502	10
503	1
504	0
505	0
506	2
507	0
508	1
509	0
510	1
511	0
512	289
513	0
514	0
515	0
516	1
517	1
518	1
519	0
520	1
521	0
522	2
523	0
524	1
525	0
526	1
527	0
528	1
529	0
530	0
531	0
532	0
533	0
534	1
535	0
536	0
537	703
538	1
539	0
540	1
541	1
542	1
543	0
544	1
545	0
546	1
547	1
548	1
549	0
550	0
551	0
552	0
553	22
554	1
555	1
556	0
557	703
558	27
559	0
560	163
561	0
562	18
563	0
564	1
565	0
566	0
567	0
568	10
569	11
570	0
571	11
572	0
573	1
574	1
575	1
576	1
577	1
578	0
579	0
580	27
581	0
582	1
583	0
584	0
585	0
586	1
587	703
588	0
589	1
590	0
591	0
592	0
593	0
594	1
595	0
596	0
597	0
598	1
599	0
600	1
601	0
602	0
603	0
604	1
605	0
606	0
607	1
608	0
609	0
610	1
611	1
612	20
613	2
614	0
615	0
616	0
617	12
618	0
619	0
620	1
621	251
622	703
623	0
624	0
625	0
626	1
627	0
628	1
629	1
630	0
631	0
632	703
633	0
634	703
635	0
636	0
637	0
638	0
639	0
640	0
641	703
642	0
643	703
644	0
645	22
646	0
647	0
648	0
649	1
650	6
651	0
652	1
653	0
654	0
655	0
656	0
657	0
658	1
659	703
660	703
661	0
662	1
663	0
664	0
665	0
666	1
667	14
668	703
669	0
670	0
671	1
672	0
673	22
674	1
675	1
676	0
677	0
678	1
679	1
680	0
681	0
682	1
683	1
684	1
685	0
686	0
687	0
688	1
689	0
690	0
691	0
692	0
693	1
694	0
695	703
696	0
697	11
698	1
699	0
700	1
701	0
702	1
703	0
704	1
705	343
706	0
707	0
708	1
709	0
710	0
711	1
712	0
713	1
714	1
715	0
716	0
717	0
718	1
719	0
720	1
721	18
722	0
723	140
724	0
725	0
726	688
727	1
728	0
729	0
730	290
731	0
732	1
733	1
734	0
735	0
736	0
737	0
738	703
739	1
740	0
741	1
742	0
743	1
744	0
745	1
746	703
747	0
748	703
749	0
750	1
751	0
752	0
753	0
754	0
755	703
756	0
757	0
758	0
759	1
760	1
761	1
762	1
763	0
764	1
765	1
766	1
767	0
768	1
769	0
770	1
771	703
772	0
773	0
774	1
775	0
776	156
777	0
778	1
779	0
780	703
781	0
782	0
783	1
784	0
785	1
786	0
787	0
788	0
789	1
790	248
791	6
792	0
793	0
794	1
795	5
796	1
797	1
798	0
799	0
800	0
801	0
802	1
803	0
804	0
805	0
806	0
807	1
808	0
809	0
810	0
811	1
812	22
813	0
814	1
815	0
816	2
817	160
818	0
819	1
820	0
821	0
822	0
823	1
824	703
825	703
826	1
827	703
828	0
829	0
830	0
831	0
832	1
833	0
834	0
835	27
836	2
837	0
838	0
839	1
840	1
841	0
842	0
843	2
844	0
845	0
846	1
847	0
848	0
849	0
850	0
851	1
852	0
853	1
854	703
855	0
856	0
857	12
858	2
859	0
860	0
861	1
862	0
863	0
864	1
865	0
866	1
867	18
868	2
869	0
870	0
871	0
872	0
873	0
874	1
875	0
876	1
877	22
878	22
879	1
880	0
881	1
882	1
883	1
884	2
885	0
886	1
887	1
888	0
889	1
890	1
891	166
892	0
893	703
894	0
895	303
896	0
897	0
898	0
899	0
900	0
901	0
902	0
903	1
904	1
905	1
906	0
907	0
908	1
909	13
910	0
911	0
912	0
913	1
914	0
915	1
916	0
917	0
918	1
919	0
920	1
921	0
922	1
923	0
924	0
925	0
926	1
927	1
928	0
929	0
930	0
931	0
932	0
933	1
934	0
935	0
936	0
937	0
938	0
939	0
940	0
941	1
942	0
943	0
944	0
945	1
946	1
947	9
948	0
949	703
950	0
951	703
952	0
953	0
954	22
955	0
956	2
957	0
958	1
959	0
960	703
961	0
962	0
963	0
964	0
965	0
966	1
967	1
968	0
969	1
970	0
971	0
972	1
973	0
974	4
975	662
976	0
977	1
978	1
979	0
980	0
981	0
982	0
983	1
984	0
985	0
986	1
987	0
988	0
989	0
990	1
991	0
992	0
993	703
994	18
995	1
996	1
997	0
998	0
999	0
1000	0
1001	0
1002	0
1003	0
1004	1
1005	0
1006	1
1007	2
1008	0
1009	0
1010	0
1011	1
1012	1
1013	2
1014	0
1015	1
1016	1
1017	11
1018	0
1019	4
1020	703
1021	0
1022	20
1023	0
1024	1
1025	0
1026	1
1027	1
1028	0
1029	0
1030	0
1031	1
1032	0
1033	11
1034	1
1035	0
1036	1
1037	1
1038	0
1039	1
1040	0
1041	1
1042	1
1043	703
1044	0
1045	1
1046	1
1047	0
1048	1
1049	1
1050	0
1051	0
1052	0
1053	1
1054	0
1055	0
1056	1
1057	0
1058	0
1059	1
1060	1
1061	1
1062	0
1063	0
1064	1
1065	1
1066	1
1067	0
1068	2
1069	1
1070	0
1071	1
1072	0
1073	2
1074	1
1075	0
1076	1
1077	10
1078	703
1079	0
1080	703
1081	5
1082	1
1083	0
1084	1
1085	0
1086	0
1087	0
1088	0
1089	0
1090	18
1091	1
1092	1
1093	0
1094	4
1095	637
1096	1
1097	2
1098	0
1099	0
1100	0
1101	703
1102	0
1103	1
1104	0
1105	0
1106	0
1107	1
1108	0
1109	1
1110	0
1111	1
1112	0
1113	0
1114	703
1115	0
1116	18
1117	0
1118	0
1119	0
1120	703
1121	0
1122	19
1123	1
1124	1
1125	1
1126	0
1127	7
1128	1
1129	0
1130	1
1131	1
1132	0
1133	4
1134	0
1135	1
1136	0
1137	1
1138	0
1139	2
1140	0
1141	1
1142	1
1143	4
1144	0
1145	1
1146	0
1147	2
1148	0
1149	0
1150	703
1151	0
1152	0
1153	1
1154	1
1155	1
1156	0
1157	0
1158	0
1159	0
1160	1
1161	1
1162	0
1163	0
1164	703
1165	0
1166	11
1167	1
1168	0
1169	0
1170	27
1171	0
1172	0
1173	0
1174	0
1175	0
1176	1
1177	1
1178	1
1179	2
1180	1
1181	0
1182	0
1183	1
1184	0
1185	1
1186	1
1187	0
1188	1
1189	166
1190	703
1191	1
1192	1
1193	0
1194	19
1195	0
1196	0
1197	0
1198	1
1199	0
1200	0
1201	1
1202	0
1203	0
1204	1
1205	1
1206	1
1207	0
1208	1
1209	1
1210	675
1211	0
1212	1
1213	0
1214	1
1215	695
1216	0
1217	1
1218	0
1219	0
1220	21
1221	0
1222	0
1223	1
1224	0
1225	0
1226	0
1227	1
1228	1
1229	0
1230	703
1231	0
1232	1
1233	0
1234	0
1235	0
1236	0
1237	1
1238	15
1239	0
1240	1
1241	4
1242	0
1243	10
1244	703
1245	1
1246	0
1247	0
1248	1
1249	0
1250	0
1251	0
1252	0
1253	645
1254	0
1255	1
1256	0
1257	0
1258	0
1259	703
1260	0
1261	1
1262	1
1263	1
1264	703
1265	0
1266	0
1267	197
1268	0
1269	1
1270	1
1271	1
1272	1
1273	223
1274	0
1275	20
1276	0
1277	0
1278	1
1279	1
1280	202
1281	1
1282	1
1283	0
1284	703
1285	0
1286	0
1287	1
1288	1
1289	0
1290	0
1291	0
1292	0
1293	0
1294	703
1295	0
1296	0
1297	17
1298	1
1299	12
1300	1
1301	703
1302	1
1303	0
1304	0
1305	0
1306	0
1307	1
1308	703
1309	0
1310	0
1311	1
1312	0
1313	0
1314	1
1315	0
1316	1
1317	1
1318	0
1319	1
1320	1
1321	27
1322	703
1323	0
1324	2
1325	1
1326	0
1327	1
1328	0
1329	0
1330	0
1331	1
1332	0
1333	1
1334	1
1335	1
1336	1
1337	0
1338	0
1339	0
1340	1
1341	21
1342	0
1343	0
1344	473
1345	1
1346	1
1347	22
1348	1
1349	0
1350	0
1351	0
1352	1
1353	0
1354	1
1355	0
1356	0
1357	1
1358	0
1359	0
1360	1
1361	1
1362	0
1363	0
1364	0
1365	703
1366	0
1367	0
1368	703
1369	703
1370	0
1371	2
1372	0
1373	1
1374	14
1375	0
1376	0
1377	1
1378	1
1379	0
1380	0
1381	0
1382	1
1383	703
1384	0
1385	0
1386	1
1387	0
1388	0
1389	0
1390	0
1391	1
1392	703
1393	0
1394	18
1395	0
1396	0
1397	0
1398	1
1399	0
1400	0
1401	1
1402	0
1403	0
1404	0
1405	10
1406	1
1407	0
1408	0
1409	1
1410	1
1411	0
1412	0
1413	2
1414	0
1415	0
1416	1
1417	0
1418	1
1419	0
1420	0
1421	0
1422	0
1423	0
1424	1
1425	0
1426	0
1427	0
1428	0
1429	1
1430	1
1431	1
1432	1
1433	2
1434	0
1435	0
1436	1
1437	0
1438	0
1439	0
1440	1
1441	1
1442	0
1443	1
1444	0
1445	1
1446	0
1447	18
1448	0
1449	0
1450	703
1451	0
1452	0
1453	0
1454	1
1455	22
1456	0
1457	703
1458	1
1459	703
1460	0
1461	0
1462	18
1463	0
1464	1
1465	0
1466	0
1467	0
1468	0
1469	1
1470	236
1471	0
1472	1
1473	1
1474	0
1475	1
1476	1
1477	0
1478	20
1479	1
1480	1
1481	0
1482	0
1483	1
1484	0
1485	703
1486	695
1487	0
1488	0
1489	0
1490	1
1491	0
1492	1
1493	0
1494	0
1495	1
1496	0
1497	0
1498	0
1499	0
1500	0
1501	1
1502	0
1503	703
1504	0
1505	1
1506	1
1507	0
1508	0
1509	0
1510	0
1511	0
1512	0
1513	0
1514	0
1515	0
1516	14
1517	0
1518	1
1519	0
1520	0
1521	1
1522	0
1523	0
1524	0
1525	703
1526	10
1527	703
1528	0
1529	0
1530	0
1531	0
1532	703
1533	0
1534	0
1535	0
1536	1
1537	703
1538	1
1539	0
1540	10
1541	15
1542	0
1543	0
1544	0
1545	1
1546	0
1547	0
1548	1
1549	0
1550	0
1551	0
1552	0
1553	0
1554	0
1555	1
1556	0
1557	0
1558	0
1559	0
1560	0
1561	0
1562	0
1563	0
1564	1
1565	0
1566	703
1567	229
1568	703
1569	0
1570	17
1571	140
1572	703
1573	0
1574	6
1575	18
1576	4
1577	10
1578	1
1579	0
1580	1
1581	1
1582	0
1583	1
1584	0
1585	0
1586	0
1587	1
1588	0
1589	0
1590	0
1591	0
1592	1
1593	1
1594	0
1595	703
1596	0
1597	0
1598	0
1599	0
1600	0
1601	1
1602	27
1603	0
1604	686
1605	0
1606	0
1607	0
1608	0
1609	0
1610	0
1611	0
1612	1
1613	0
1614	0
1615	0
1616	1
1617	0
1618	0
1619	1
1620	1
1621	1
1622	0
1623	0
1624	1
1625	0
1626	1
1627	10
1628	1
1629	0
1630	1
1631	0
1632	0
1633	2
1634	16
1635	1
1636	0
1637	703
1638	0
1639	0
1640	1
1641	0
1642	0
1643	0
1644	0
1645	0
1646	0
1647	1
1648	0
1649	1
1650	1
1651	22
1652	0
1653	0
1654	0
1655	1
1656	1
1657	0
1658	0
1659	0
1660	0
1661	703
1662	1
1663	1
1664	0
1665	1
1666	1
1667	0
1668	0
1669	1
1670	0
1671	1
1672	0
1673	0
1674	0
1675	0
1676	0
1677	0
1678	0
1679	1
1680	703
1681	0
1682	0
1683	703
1684	703
1685	0
1686	1
1687	0
1688	703
1689	2
1690	1
1691	1
1692	1
1693	0
1694	703
1695	0
1696	0
1697	1
1698	0
1699	1
1700	1
1701	0
1702	0
1703	0
1704	0
1705	1
1706	0
1707	0
1708	1
1709	20
1710	703
1711	0
1712	0
1713	0
1714	480
1715	0
1716	11
1717	1
1718	0
1719	0
1720	1
1721	0
1722	1
1723	0
1724	1
1725	0
1726	0
1727	0
1728	0
1729	1
1730	175
1731	11
1732	1
1733	0
1734	1
1735	0
1736	0
1737	0
1738	0
1739	1
1740	0
1741	1
1742	0
1743	0
1744	27
1745	0
1746	0
1747	1
1748	0
1749	1
1750	22
1751	0
1752	703
1753	0
1754	0
1755	0
1756	0
1757	703
1758	1
1759	0
1760	1
1761	0
1762	1
1763	1
1764	0
1765	0
1766	0
1767	1
1768	0
1769	0
1770	0
1771	0
1772	0
1773	1
1774	0
1775	27
1776	0
1777	0
1778	0
1779	0
1780	0
1781	1
1782	0
1783	703
1784	0
1785	1
1786	5
1787	0
1788	1
1789	1
1790	0
1791	0
1792	0
1793	0
1794	703
1795	703
1796	0
1797	1
1798	703
1799	703
1800	14
1801	1
1802	1
1803	0
1804	0
1805	703
1806	0
1807	0
1808	0
1809	1
1810	1
1811	1
1812	8
1813	1
1814	0
1815	0
1816	116
1817	1
1818	8
1819	1
1820	0
1821	703
1822	703
1823	2
1824	1
1825	0
1826	701
1827	1
1828	1
1829	0
1830	1
1831	0
1832	1
1833	0
1834	1
1835	0
1836	0
1837	0
1838	0
1839	0
1840	0
1841	562
1842	0
1843	0
1844	0
1845	0
1846	0
1847	0
1848	6
1849	0
1850	0
1851	0
1852	0
1853	1
1854	703
1855	0
1856	0
1857	312
1858	11
1859	0
1860	0
1861	1
1862	13
1863	1
1864	0
1865	0
1866	0
1867	68
1868	1
1869	0
1870	3
1871	0
1872	1
1873	0
1874	0
1875	0
1876	0
1877	0
1878	703
1879	1
1880	0
1881	0
1882	1
1883	0
1884	0
1885	0
1886	0
1887	0
1888	1
1889	0
1890	1
1891	2
1892	1
1893	0
1894	0
1895	1
1896	0
1897	1
1898	703
1899	18
1900	0
1901	1
1902	1
1903	0
1904	1
1905	2
1906	0
1907	0
1908	703
1909	1
1910	0
1911	0
1912	1
1913	0
1914	703
1915	0
1916	0
1917	0
1918	0
1919	1
1920	2
1921	2
1922	0
1923	0
1924	0
1925	703
1926	0
1927	0
1928	1
1929	0
1930	1
1931	0
1932	0
1933	1
1934	1
1935	1
1936	0
1937	0
1938	0
1939	0
1940	703
1941	703
1942	703
1943	7
1944	1
1945	1
1946	0
1947	0
1948	1
1949	0
1950	0
1951	0
1952	1
1953	1
1954	0
1955	0
1956	19
1957	0
1958	0
1959	0
1960	1
1961	703
1962	1
1963	0
1964	0
1965	0
1966	0
1967	0
1968	0
1969	0
1970	0
1971	1
1972	0
1973	1
1974	0
1975	0
1976	703
1977	0
1978	0
1979	0
1980	1
1981	0
1982	0
1983	0
1984	0
1985	0
1986	0
1987	1
1988	1
1989	0
1990	18
1991	1
1992	1
1993	2
1994	1
1995	0
1996	1
1997	0
1998	1
1999	0
2000	0
2001	0
2002	1
2003	703
2004	0
2005	0
2006	0
2007	1
2008	0
2009	0
2010	0
2011	0
2012	1
2013	0
2014	0
2015	0
2016	0
2017	3
2018	0
2019	0
2020	0
2021	1
2022	0
2023	0
2024	1
2025	1
2026	1
2027	0
2028	0
2029	703
2030	0
2031	323
2032	0
2033	0
2034	12
2035	1
2036	0
2037	1
2038	0
2039	1
2040	0
2041	0
2042	0
2043	1
2044	703
2045	0
2046	0
2047	2
2048	0
2049	0
2050	1
2051	1
2052	0
2053	15
2054	0
2055	2
2056	0
2057	4
2058	0
2059	1
2060	0
2061	0
2062	0
2063	0
2064	703
2065	703
2066	22
2067	0
2068	0
2069	1
2070	0
2071	1
2072	0
2073	0
2074	108
2075	1
2076	1
2077	1
2078	7
2079	1
2080	1
2081	703
2082	703
2083	0
2084	1
2085	1
2086	1
2087	0
2088	5
2089	0
2090	1
2091	0
2092	0
2093	0
2094	1
2095	0
2096	1
2097	1
2098	1
2099	0
2100	0
2101	0
2102	1
2103	0
2104	0
2105	1
2106	0
2107	703
2108	0
2109	703
2110	1
2111	703
2112	703
2113	1
2114	0
2115	0
2116	0
2117	1
2118	0
2119	0
2120	0
2121	0
2122	1
2123	0
2124	0
2125	2
2126	0
2127	0
2128	0
2129	0
2130	0
2131	0
2132	18
2133	0
2134	0
2135	1
2136	0
2137	1
2138	1
2139	0
2140	0
2141	0
2142	1
2143	0
2144	0
2145	703
2146	0
2147	1
2148	0
2149	0
2150	1
2151	2
2152	22
2153	703
2154	0
2155	0
2156	0
2157	0
2158	0
2159	0
2160	1
2161	0
2162	7
2163	1
2164	0
2165	0
2166	1
2167	1
2168	0
2169	1
2170	1
2171	0
2172	1
2173	0
2174	1
2175	1
2176	0
2177	2
2178	0
2179	1
2180	1
2181	0
2182	0
2183	1
2184	1
2185	0
2186	11
2187	0
2188	0
2189	703
2190	703
2191	691
2192	698
2193	0
2194	703
2195	1
2196	0
2197	0
2198	1
2199	0
2200	0
2201	0
2202	0
2203	1
2204	703
2205	0
2206	0
2207	1
2208	0
2209	0
2210	1
2211	0
2212	1
2213	0
2214	1
2215	1
2216	0
2217	0
2218	1
2219	1
2220	0
2221	1
2222	0
2223	703
2224	0
2225	0
2226	1
2227	0
2228	0
2229	1
2230	1
2231	0
2232	0
2233	703
2234	1
2235	1
2236	0
2237	2
2238	1
2239	1
2240	0
2241	1
2242	0
2243	0
2244	0
2245	0
2246	0
2247	0
2248	0
2249	1
2250	517
2251	0
2252	0
2253	0
2254	1
2255	0
2256	1
2257	0
2258	0
2259	703
2260	105
2261	0
2262	615
2263	0
2264	0
2265	0
2266	0
2267	0
2268	1
2269	0
2270	0
2271	1
2272	1
2273	1
2274	1
2275	1
2276	2
2277	0
2278	0
2279	1
2280	703
2281	0
2282	1
2283	0
2284	0
2285	0
2286	0
2287	1
2288	1
2289	0
2290	1
2291	0
2292	1
2293	0
2294	0
2295	1
2296	0
2297	0
2298	0
2299	0
2300	703
2301	27
2302	0
2303	0
2304	0
2305	0
2306	1
2307	0
2308	0
2309	187
2310	0
2311	0
2312	1
2313	0
2314	22
2315	0
2316	0
2317	1
2318	0
2319	0
2320	0
2321	0
2322	0
2323	1
2324	0
2325	0
2326	273
2327	0
2328	0
2329	0
2330	0
2331	1
2332	0
2333	703
2334	0
2335	1
2336	0
2337	703
2338	0
2339	1
2340	0
2341	703
2342	1
2343	0
2344	0
2345	703
2346	1
2347	0
2348	0
2349	0
2350	1
2351	2
2352	703
2353	0
2354	0
2355	20
2356	1
2357	1
2358	1
2359	0
2360	0
2361	22
2362	703
2363	703
2364	16
2365	703
2366	0
2367	677
2368	0
2369	1
2370	1
2371	1
2372	703
2373	0
2374	0
2375	0
2376	703
2377	703
2378	0
2379	0
2380	0
2381	0
2382	1
2383	0
2384	1
2385	1
2386	0
2387	0
2388	0
2389	0
2390	27
2391	703
2392	0
2393	14
2394	1
2395	18
2396	0
2397	1
2398	0
2399	0
2400	0
2401	0
2402	0
2403	0
2404	2
2405	703
2406	1
2407	2
2408	0
2409	1
2410	0
2411	0
2412	0
2413	1
2414	0
2415	1
2416	1
2417	1
2418	1
2419	0
2420	703
2421	0
2422	0
2423	1
2424	1
2425	703
2426	0
2427	0
2428	0
2429	0
2430	0
2431	0
2432	1
2433	1
2434	0
2435	1
2436	0
2437	703
2438	0
2439	0
2440	1
2441	1
2442	1
2443	0
2444	1
2445	0
2446	0
2447	703
2448	5
2449	659
2450	0
2451	0
2452	0
2453	22
2454	0
2455	1
2456	1
2457	0
2458	0
2459	470
2460	0
2461	1
2462	0
2463	0
2464	0
2465	0
2466	0
2467	0
2468	0
2469	18
2470	1
2471	1
2472	0
2473	703
2474	0
2475	0
2476	0
2477	0
2478	0
2479	0
2480	0
2481	0
2482	0
2483	0
2484	1
2485	0
2486	0
2487	0
2488	16
2489	0
2490	0
2491	0
2492	0
2493	0
2494	0
2495	703
2496	0
2497	0
2498	1
2499	2
2500	0
2501	0
2502	0
2503	0
2504	1
2505	1
2506	0
2507	0
2508	1
2509	0
2510	0
2511	1
2512	0
2513	1
2514	0
2515	1
2516	1
2517	1
2518	0
2519	0
2520	703
2521	703
2522	0
2523	5
2524	1
2525	0
2526	0
2527	0
2528	0
2529	1
2530	0
2531	0
2532	1
2533	0
2534	0
2535	0
2536	0
2537	1
2538	1
2539	0
2540	1
2541	0
2542	0
2543	0
2544	0
2545	703
2546	703
2547	1
2548	1
2549	0
2550	0
2551	0
2552	0
2553	703
2554	0
2555	0
2556	0
2557	0
2558	1
2559	0
2560	1
2561	0
2562	9
2563	2
2564	1
2565	11
2566	0
2567	1
2568	0
2569	1
2570	18
2571	18
2572	1
2573	2
2574	1
2575	0
2576	0
2577	1
2578	0
2579	0
2580	1
2581	1
2582	1
2583	1
2584	0
2585	0
2586	1
2587	0
2588	1
2589	1
2590	0
2591	0
2592	0
2593	0
2594	0
2595	27
2596	0
2597	1
2598	0
2599	703
2600	0
2601	0
2602	703
2603	0
2604	0
2605	0
2606	0
2607	0
2608	0
2609	0
2610	1
2611	435
2612	0
2613	1
2614	361
2615	0
2616	703
2617	0
2618	0
2619	0
2620	0
2621	1
2622	2
2623	0
2624	0
2625	7
2626	0
2627	1
2628	177
2629	1
2630	0
2631	0
2632	1
2633	0
2634	0
2635	0
2636	0
2637	0
2638	0
2639	703
2640	0
2641	0
2642	703
2643	0
2644	0
2645	0
2646	2
2647	703
2648	0
2649	0
2650	0
2651	0
2652	2
2653	0
2654	0
2655	703
2656	679
2657	13
2658	1
2659	10
2660	0
2661	0
2662	0
2663	2
2664	1
2665	0
2666	1
2667	0
2668	0
2669	0
2670	2
2671	0
2672	0
2673	0
2674	1
2675	0
2676	0
2677	1
2678	703
2679	0
2680	0
2681	0
2682	0
2683	0
2684	703
2685	0
2686	1
2687	0
2688	555
2689	1
2690	0
2691	0
2692	1
2693	0
2694	0
2695	0
2696	0
2697	5
2698	4
2699	1
2700	0
2701	9
2702	1
2703	0
2704	5
2705	0
2706	1
2707	0
2708	0
2709	1
2710	1
2711	0
2712	1
2713	703
2714	703
2715	0
2716	0
2717	0
2718	0
2719	1
2720	0
2721	0
2722	0
2723	0
2724	17
2725	0
2726	1
2727	11
2728	0
2729	0
2730	1
2731	0
2732	0
2733	1
2734	0
2735	233
2736	703
2737	0
2738	0
2739	1
2740	0
2741	0
2742	1
2743	1
2744	0
2745	0
2746	1
2747	0
2748	1
2749	0
2750	0
2751	10
2752	1
2753	0
2754	703
2755	10
2756	0
2757	1
2758	1
2759	0
2760	1
2761	0
2762	0
2763	0
2764	0
2765	0
2766	0
2767	0
2768	0
2769	1
2770	21
2771	0
2772	0
2773	10
2774	0
2775	0
2776	0
2777	0
2778	0
2779	0
2780	0
2781	18
2782	0
2783	0
2784	1
2785	0
2786	1
2787	0
2788	0
2789	0
2790	0
2791	0
2792	703
2793	0
2794	0
2795	1
2796	0
2797	0
2798	0
2799	0
2800	1
2801	703
2802	1
2803	703
2804	0
2805	1
2806	0
2807	75
2808	0
2809	0
2810	703
2811	0
2812	1
2813	0
2814	0
2815	1
2816	1
2817	1
2818	1
2819	0
2820	2
2821	0
2822	0
2823	2
2824	0
2825	1
2826	1
2827	703
2828	1
2829	0
2830	0
2831	1
2832	0
2833	0
2834	703
2835	0
2836	14
2837	1
2838	0
2839	0
2840	0
2841	525
2842	0
2843	0
2844	1
2845	1
2846	0
2847	0
2848	19
2849	0
2850	0
2851	1
2852	0
2853	22
2854	0
2855	0
2856	11
2857	703
2858	1
2859	0
2860	17
2861	703
2862	1
2863	0
2864	0
2865	1
2866	0
2867	1
2868	0
2869	1
2870	1
2871	0
2872	1
2873	0
2874	1
2875	0
2876	5
2877	703
2878	1
2879	1
2880	0
2881	0
2882	0
2883	1
2884	21
2885	685
2886	2
2887	1
2888	0
2889	10
2890	0
2891	0
2892	0
2893	1
2894	0
2895	1
2896	0
2897	0
2898	0
2899	0
2900	1
2901	0
2902	0
2903	1
2904	0
2905	0
2906	0
2907	1
2908	0
2909	0
2910	1
2911	5
2912	3
2913	7
2914	0
2915	1
2916	0
2917	1
2918	1
2919	0
2920	14
2921	0
2922	0
2923	703
2924	0
2925	1
2926	211
2927	1
2928	1
2929	0
2930	0
2931	0
2932	0
2933	0
2934	0
2935	1
2936	0
2937	0
2938	0
2939	1
2940	1
2941	0
2942	703
2943	13
2944	1
2945	0
2946	11
2947	0
2948	1
2949	1
2950	0
2951	0
2952	0
2953	0
2954	0
2955	1
2956	0
2957	1
2958	0
2959	1
2960	0
2961	0
2962	0
2963	0
2964	0
2965	1
2966	703
2967	1
2968	0
2969	703
2970	0
2971	1
2972	1
2973	703
2974	1
2975	1
2976	0
2977	0
2978	0
2979	0
2980	1
2981	1
2982	1
2983	0
2984	0
2985	0
2986	0
2987	19
2988	10
2989	1
2990	1
2991	1
2992	1
2993	0
2994	0
2995	0
2996	0
2997	7
2998	2
2999	0
3000	0
3001	0
3002	1
3003	0
3004	1
3005	1
3006	1
3007	0
3008	1
3009	0
3010	703
3011	0
3012	0
3013	0
3014	0
3015	0
3016	0
3017	0
3018	703
3019	0
3020	703
3021	554
3022	1
3023	0
3024	14
3025	3
3026	0
3027	0
3028	0
3029	0
3030	0
3031	0
3032	0
3033	3
3034	0
3035	0
3036	0
3037	1
3038	1
3039	0
3040	1
3041	0
3042	0
3043	1
3044	1
3045	0
3046	0
3047	1
3048	0
3049	0
3050	0
3051	0
3052	0
3053	1
3054	0
3055	1
3056	1
3057	604
3058	703
3059	1
3060	1
3061	1
3062	0
3063	703
3064	0
3065	703
3066	18
3067	1
3068	1
3069	8
3070	0
3071	1
3072	1
3073	0
3074	0
3075	0
3076	2
3077	0
3078	0
3079	0
3080	0
3081	0
3082	703
3083	0
3084	1
3085	0
3086	0
3087	1
3088	0
3089	0
3090	0
3091	1
3092	2
3093	0
3094	0
3095	0
3096	0
3097	186
3098	0
3099	0
3100	27
3101	0
3102	1
3103	0
3104	0
3105	0
3106	1
3107	0
3108	18
3109	0
3110	0
3111	0
3112	0
3113	0
3114	1
3115	0
3116	0
3117	0
3118	0
3119	0
3120	0
3121	0
3122	0
3123	1
3124	0
3125	688
3126	0
3127	1
3128	0
3129	0
3130	0
3131	1
3132	703
3133	0
3134	0
3135	0
3136	105
3137	1
3138	0
3139	1
3140	703
3141	6
3142	0
3143	0
3144	0
3145	1
3146	1
3147	1
3148	0
3149	0
3150	0
3151	1
3152	0
3153	1
3154	1
3155	0
3156	0
3157	0
3158	1
3159	0
3160	0
3161	1
3162	0
3163	0
3164	703
3165	667
3166	0
3167	0
3168	703
3169	1
3170	0
3171	0
3172	1
3173	0
3174	0
3175	1
3176	1
3177	0
3178	1
3179	1
3180	1
3181	0
3182	1
3183	0
3184	3
3185	1
3186	1
3187	1
3188	1
3189	0
3190	0
3191	3
3192	1
3193	0
3194	1
3195	1
3196	2
3197	2
3198	0
3199	0
3200	6
3201	0
3202	0
3203	0
3204	1
3205	1
3206	1
3207	0
3208	0
3209	703
3210	0
3211	1
3212	346
3213	1
3214	0
3215	0
3216	0
3217	0
3218	0
3219	0
3220	0
3221	0
3222	1
3223	0
3224	0
3225	320
3226	0
3227	0
3228	0
3229	0
3230	0
3231	1
3232	0
3233	1
3234	0
3235	1
3236	698
3237	1
3238	0
3239	703
3240	21
3241	0
3242	0
3243	0
3244	703
3245	0
3246	0
3247	0
3248	1
3249	0
3250	0
3251	0
3252	0
3253	0
3254	1
3255	1
3256	205
3257	0
3258	0
3259	0
3260	0
3261	1
3262	0
3263	0
3264	703
3265	0
3266	0
3267	1
3268	0
3269	0
3270	0
3271	0
3272	1
3273	0
3274	0
3275	1
3276	1
3277	0
3278	1
3279	0
3280	0
3281	0
3282	0
3283	0
3284	703
3285	0
3286	1
3287	0
3288	0
3289	0
3290	1
3291	0
3292	0
3293	0
3294	0
3295	0
3296	1
3297	0
3298	1
3299	1
3300	1
3301	1
3302	0
3303	0
3304	0
3305	1
3306	0
3307	1
3308	0
3309	0
3310	0
3311	0
3312	0
3313	703
3314	18
3315	0
3316	0
3317	0
3318	0
3319	0
3320	1
3321	1
3322	1
3323	1
3324	0
3325	0
3326	703
3327	0
3328	18
3329	0
3330	0
3331	1
3332	703
3333	0
3334	0
3335	1
3336	5
3337	13
3338	5
3339	0
3340	0
3341	0
3342	0
3343	1
3344	0
3345	0
3346	1
3347	1
3348	21
3349	1
3350	1
3351	20
3352	0
3353	1
3354	82
3355	0
3356	1
3357	703
3358	0
3359	703
3360	0
3361	0
3362	1
3363	0
3364	217
3365	1
3366	0
3367	0
3368	0
3369	0
3370	1
3371	0
3372	0
3373	13
3374	0
3375	1
3376	0
3377	1
3378	1
3379	0
3380	1
3381	0
3382	703
3383	0
3384	0
3385	19
3386	210
3387	703
3388	16
3389	0
3390	0
3391	703
3392	1
3393	0
3394	0
3395	232
3396	1
3397	0
3398	1
3399	0
3400	0
3401	0
3402	0
3403	11
3404	0
3405	0
3406	0
3407	0
3408	0
3409	0
3410	0
3411	0
3412	0
3413	9
3414	1
3415	1
3416	703
3417	0
3418	0
3419	0
3420	0
3421	0
3422	703
3423	1
3424	1
3425	0
3426	0
3427	1
3428	0
3429	0
3430	0
3431	1
3432	110
3433	0
3434	1
3435	0
3436	1
3437	1
3438	0
3439	0
3440	1
3441	1
3442	671
3443	0
3444	13
3445	11
3446	1
3447	0
3448	703
3449	0
3450	1
3451	0
3452	0
3453	0
3454	1
3455	0
3456	0
3457	1
3458	0
3459	1
3460	1
3461	0
3462	703
3463	1
3464	0
3465	0
3466	0
3467	1
3468	1
3469	1
3470	1
3471	2
3472	3
3473	0
3474	1
3475	1
3476	1
3477	1
3478	1
3479	0
3480	1
3481	1
3482	0
3483	0
3484	0
3485	703
3486	0
3487	0
3488	0
3489	0
3490	703
3491	0
3492	0
3493	0
3494	0
3495	0
3496	1
3497	1
3498	0
3499	1
3500	1
3501	703
3502	1
3503	0
3504	1
3505	0
3506	1
3507	0
3508	0
3509	703
3510	0
3511	0
3512	0
3513	1
3514	0
3515	0
3516	1
3517	0
3518	0
3519	0
3520	0
3521	0
3522	1
3523	0
3524	1
3525	1
3526	0
3527	1
3528	1
3529	0
3530	0
3531	0
3532	703
3533	677
3534	0
3535	0
3536	703
3537	0
3538	450
3539	0
3540	0
3541	0
3542	0
3543	0
3544	0
3545	0
3546	0
3547	1
3548	1
3549	703
3550	1
3551	0
3552	1
3553	1
3554	0
3555	0
3556	703
3557	703
3558	703
3559	0
3560	1
3561	0
3562	0
3563	0
3564	0
3565	1
3566	4
3567	0
3568	1
3569	0
3570	1
3571	0
3572	703
3573	0
3574	0
3575	0
3576	0
3577	0
3578	0
3579	0
3580	1
3581	1
3582	703
3583	1
3584	0
3585	1
3586	0
3587	84
3588	0
3589	703
3590	703
3591	0
3592	0
3593	1
3594	0
3595	1
3596	0
3597	1
3598	0
3599	0
3600	703
3601	0
3602	0
3603	11
3604	1
3605	0
3606	1
3607	1
3608	0
3609	0
3610	0
3611	1
3612	1
3613	0
3614	0
3615	1
3616	0
3617	703
3618	0
3619	1
3620	0
3621	0
3622	0
3623	27
3624	0
3625	1
3626	0
3627	0
3628	638
3629	0
3630	12
3631	6
3632	703
3633	0
3634	0
3635	0
3636	0
3637	1
3638	0
3639	0
3640	2
3641	0
3642	0
3643	1
3644	0
3645	0
3646	703
3647	1
3648	0
3649	1
3650	0
3651	10
3652	12
3653	1
3654	0
3655	1
3656	1
3657	1
3658	0
3659	1
3660	0
3661	0
3662	0
3663	0
3664	1
3665	0
3666	14
3667	0
3668	0
3669	0
3670	1
3671	1
3672	0
3673	0
3674	1
3675	1
3676	0
3677	0
3678	0
3679	0
3680	0
3681	0
3682	0
3683	0
3684	0
3685	0
3686	0
3687	0
3688	0
3689	0
3690	0
3691	1
3692	0
3693	0
3694	0
3695	4
3696	703
3697	0
3698	0
3699	0
3700	80
3701	0
3702	1
3703	1
3704	9
3705	0
3706	0
3707	0
3708	0
3709	0
3710	10
3711	0
3712	1
3713	12
3714	1
3715	0
3716	1
3717	1
3718	703
3719	1
3720	0
3721	1
3722	1
3723	1
3724	0
3725	1
3726	0
3727	1
3728	0
3729	0
3730	0
3731	0
3732	10
3733	0
3734	1
3735	0
3736	1
3737	0
3738	1
3739	0
3740	1
3741	0
3742	0
3743	0
3744	0
3745	18
3746	0
3747	0
3748	5
3749	1
3750	18
3751	61
3752	0
3753	1
3754	703
3755	0
3756	0
3757	0
3758	0
3759	703
3760	1
3761	464
3762	0
3763	0
3764	1
3765	1
3766	0
3767	0
3768	18
3769	0
3770	703
3771	0
3772	0
3773	0
3774	703
3775	218
3776	0
3777	0
3778	1
3779	0
3780	0
3781	1
3782	3
3783	11
3784	1
3785	1
3786	0
3787	0
3788	1
3789	0
3790	1
3791	0
3792	0
3793	1
3794	0
3795	1
3796	1
3797	0
3798	0
3799	22
3800	0
3801	0
3802	1
3803	17
3804	1
3805	0
3806	0
3807	13
3808	1
3809	0
3810	19
3811	0
3812	1
3813	0
3814	0
3815	0
3816	1
3817	0
3818	0
3819	0
3820	1
3821	0
3822	0
3823	0
3824	1
3825	0
3826	0
3827	0
3828	1
3829	0
3830	0
3831	0
3832	0
3833	1
3834	1
3835	0
3836	1
3837	0
3838	1
3839	0
3840	703
3841	1
3842	552
3843	4
3844	0
3845	0
3846	0
3847	0
3848	1
3849	0
3850	1
3851	0
3852	0
3853	0
3854	1
3855	0
3856	1
3857	1
3858	0
3859	0
3860	8
3861	0
3862	0
3863	0
3864	0
3865	0
3866	0
3867	1
3868	0
3869	0
3870	1
3871	0
3872	0
3873	0
3874	0
3875	0
3876	0
3877	0
3878	0
3879	1
3880	14
3881	1
3882	0
3883	0
3884	0
3885	1
3886	1
3887	0
3888	0
3889	1
3890	0
3891	0
3892	276
3893	0
3894	0
3895	0
3896	0
3897	1
3898	1
3899	1
3900	0
3901	0
3902	0
3903	0
3904	1
3905	1
3906	0
3907	0
3908	1
3909	0
3910	0
3911	1
3912	0
3913	0
3914	13
3915	0
3916	0
3917	14
3918	703
3919	0
3920	0
3921	0
3922	0
3923	0
3924	0
3925	22
3926	0
3927	0
3928	0
3929	1
3930	0
3931	21
3932	703
3933	0
3934	0
3935	703
3936	0
3937	0
3938	1
3939	1
3940	7
3941	22
3942	0
3943	0
3944	0
3945	6
3946	0
3947	1
3948	0
3949	1
3950	0
3951	0
3952	0
3953	1
3954	2
3955	0
3956	121
3957	11
3958	0
3959	0
3960	0
3961	1
3962	703
3963	0
3964	1
3965	0
3966	0
3967	0
3968	0
3969	0
3970	1
3971	1
3972	1
3973	0
3974	0
3975	1
3976	0
3977	1
3978	0
3979	0
3980	10
3981	0
3982	0
3983	1
3984	18
3985	1
3986	1
3987	1
3988	1
3989	1
3990	0
3991	1
3992	0
3993	0
3994	0
3995	0
3996	15
3997	0
3998	0
3999	703
4000	1
4001	0
4002	1
4003	0
4004	0
4005	1
4006	703
4007	0
4008	1
4009	0
4010	1
4011	0
4012	1
4013	1
4014	1
4015	0
4016	0
4017	1
4018	1
4019	5
4020	0
4021	0
4022	1
4023	0
4024	21
4025	1
4026	1
4027	1
4028	0
4029	703
4030	0
4031	703
4032	1
4033	0
4034	1
4035	1
4036	0
4037	0
4038	703
4039	0
4040	0
4041	0
4042	0
4043	0
4044	0
4045	703
4046	0
4047	0
4048	0
4049	0
4050	0
4051	1
4052	1
4053	1
4054	1
4055	703
4056	1
4057	0
4058	13
4059	0
4060	703
4061	0
4062	0
4063	0
4064	0
4065	1
4066	1
4067	0
4068	0
4069	0
4070	0
4071	0
4072	1
4073	0
4074	1
4075	703
4076	0
4077	0
4078	0
4079	0
4080	0
4081	1
4082	1
4083	703
4084	0
4085	703
4086	0
4087	1
4088	0
4089	0
4090	0
4091	0
4092	0
4093	0
4094	1
4095	1
4096	0
4097	0
4098	0
4099	137
4100	0
4101	0
4102	0
4103	0
4104	0
4105	1
4106	1
4107	0
4108	0
4109	0
4110	703
4111	0
4112	0
4113	12
4114	0
4115	0
4116	0
4117	703
4118	1
4119	0
4120	0
4121	0
4122	96
4123	4
4124	0
4125	6
4126	0
4127	14
4128	0
4129	0
4130	1
4131	0
4132	1
4133	0
4134	1
4135	1
4136	1
4137	1
4138	0
4139	74
4140	0
4141	0
4142	0
4143	0
4144	0
4145	0
4146	8
4147	1
4148	1
4149	557
4150	0
4151	0
4152	1
4153	1
4154	0
4155	0
4156	1
4157	1
4158	0
4159	0
4160	0
4161	0
4162	0
4163	1
4164	1
4165	22
4166	1
4167	0
4168	1
4169	0
4170	2
4171	0
4172	0
4173	1
4174	0
4175	0
4176	0
4177	0
4178	703
4179	0
4180	0
4181	703
4182	1
4183	1
4184	0
4185	0
4186	0
4187	0
4188	0
4189	1
4190	1
4191	1
4192	1
4193	0
4194	0
4195	1
4196	1
4197	0
4198	13
4199	1
4200	2
4201	0
4202	0
4203	1
4204	0
4205	0
4206	1
4207	0
4208	0
4209	1
4210	1
4211	0
4212	0
4213	0
4214	1
4215	0
4216	0
4217	1
4218	0
4219	0
4220	1
4221	1
4222	1
4223	2
4224	1
4225	0
4226	10
4227	2
4228	0
4229	0
4230	1
4231	0
4232	0
4233	0
4234	0
4235	1
4236	0
4237	0
4238	640
4239	22
4240	0
4241	1
4242	0
4243	1
4244	0
4245	1
4246	0
4247	1
4248	0
4249	1
4250	0
4251	0
4252	1
4253	1
4254	1
4255	0
4256	1
4257	0
4258	0
4259	481
4260	1
4261	1
4262	0
4263	10
4264	1
4265	0
4266	0
4267	0
4268	1
4269	0
4270	0
4271	0
4272	0
4273	194
4274	0
4275	1
4276	0
4277	1
4278	1
4279	0
4280	1
4281	0
4282	1
4283	1
4284	0
4285	1
4286	0
4287	1
4288	175
4289	549
4290	0
4291	1
4292	703
4293	0
4294	22
4295	0
4296	18
4297	0
4298	8
4299	1
4300	1
4301	1
4302	0
4303	8
4304	1
4305	1
4306	1
4307	0
4308	0
4309	2
4310	0
4311	0
4312	0
4313	0
4314	0
4315	0
4316	1
4317	1
4318	12
4319	13
4320	0
4321	703
4322	0
4323	0
4324	1
4325	0
4326	1
4327	0
4328	0
4329	3
4330	0
4331	0
4332	1
4333	0
4334	0
4335	1
4336	703
4337	0
4338	0
4339	0
4340	1
4341	1
4342	698
4343	0
4344	0
4345	1
4346	1
4347	0
4348	0
4349	0
4350	0
4351	0
4352	1
4353	0
4354	0
4355	703
4356	0
4357	0
4358	1
4359	0
4360	1
4361	1
4362	1
4363	1
4364	1
4365	0
4366	1
4367	1
4368	1
4369	1
4370	1
4371	0
4372	0
4373	2
4374	1
4375	1
4376	0
4377	2
4378	0
4379	0
4380	0
4381	0
4382	1
4383	1
4384	1
4385	0
4386	0
4387	1
4388	1
4389	0
4390	1
4391	1
4392	0
4393	0
4394	1
4395	0
4396	0
4397	703
4398	0
4399	1
4400	0
4401	1
4402	0
4403	0
4404	5
4405	1
4406	4
4407	0
4408	1
4409	0
4410	0
4411	0
4412	11
4413	0
4414	0
4415	1
4416	1
4417	0
4418	0
4419	1
4420	0
4421	0
4422	0
4423	1
4424	1
4425	3
4426	0
4427	1
4428	1
4429	1
4430	0
4431	0
4432	0
4433	1
4434	1
4435	20
4436	0
4437	0
4438	1
4439	1
4440	13
4441	2
4442	1
4443	1
4444	703
4445	0
4446	1
4447	0
4448	0
4449	19
4450	1
4451	1
4452	0
4453	1
4454	0
4455	0
4456	1
4457	0
4458	1
4459	1
4460	0
4461	0
4462	0
4463	1
4464	0
4465	0
4466	0
4467	0
4468	1
4469	0
4470	0
4471	0
4472	0
4473	0
4474	0
4475	0
4476	0
4477	0
4478	0
4479	0
4480	0
4481	0
4482	0
4483	0
4484	1
4485	0
4486	0
4487	1
4488	0
4489	1
4490	2
4491	0
4492	0
4493	0
4494	0
4495	1
4496	0
4497	0
4498	1
4499	2
4500	0
4501	0
4502	0
4503	1
4504	0
4505	0
4506	0
4507	1
4508	1
4509	1
4510	0
4511	0
4512	1
4513	0
4514	0
4515	0
4516	703
4517	0
4518	0
4519	0
4520	1
4521	1
4522	1
4523	1
4524	0
4525	0
4526	1
4527	1
4528	0
4529	1
4530	1
4531	1
4532	0
4533	0
4534	1
4535	10
4536	0
4537	0
4538	0
4539	1
4540	0
4541	0
4542	0
4543	0
4544	0
4545	1
4546	1
4547	2
4548	0
4549	0
4550	0
4551	0
4552	1
4553	4
4554	1
4555	1
4556	0
4557	0
4558	1
4559	0
4560	1
4561	1
4562	0
4563	1
4564	0
4565	17
4566	0
4567	0
4568	1
4569	4
4570	1
4571	1
4572	0
4573	1
4574	0
4575	0
4576	0
4577	0
4578	0
4579	1
4580	0
4581	1
4582	1
4583	20
4584	0
4585	10
4586	0
4587	1
4588	0
4589	0
4590	0
4591	0
4592	0
4593	0
4594	0
4595	18
4596	0
4597	1
4598	0
4599	0
4600	0
4601	0
4602	0
4603	0
4604	1
4605	1
4606	19
4607	703
4608	0
4609	1
4610	1
4611	12
4612	0
4613	703
4614	0
4615	0
4616	0
4617	1
4618	1
4619	0
4620	1
4621	1
4622	1
4623	0
4624	0
4625	0
4626	0
4627	16
4628	0
4629	0
4630	0
4631	0
4632	0
4633	11
4634	0
4635	0
4636	11
4637	1
4638	0
4639	1
4640	0
4641	0
4642	703
4643	0
4644	0
4645	1
4646	1
4647	0
4648	1
4649	0
4650	0
4651	0
4652	0
4653	1
4654	1
4655	0
4656	1
4657	1
4658	0
4659	0
4660	0
4661	0
4662	1
4663	0
4664	0
4665	0
4666	0
4667	0
4668	0
4669	1
4670	1
4671	1
4672	0
4673	0
4674	1
4675	0
4676	0
4677	1
4678	10
4679	0
4680	0
4681	0
4682	0
4683	1
4684	0
4685	0
4686	1
4687	0
4688	0
4689	1
4690	0
4691	0
4692	0
4693	0
4694	1
4695	1
4696	0
4697	1
4698	0
4699	0
4700	611
4701	0
4702	1
4703	0
4704	0
4705	0
4706	0
4707	1
4708	0
4709	20
4710	0
4711	161
4712	0
4713	21
4714	0
4715	1
4716	0
4717	1
4718	0
4719	1
4720	0
4721	0
4722	0
4723	0
4724	0
4725	1
4726	0
4727	1
4728	0
4729	10
4730	0
4731	0
4732	1
4733	0
4734	0
4735	0
4736	1
4737	0
4738	0
4739	0
4740	0
4741	703
4742	15
4743	0
4744	1
4745	0
4746	1
4747	0
4748	1
4749	1
4750	1
4751	0
4752	1
4753	1
4754	0
4755	1
4756	1
4757	0
4758	1
4759	0
4760	2
4761	0
4762	1
4763	1
4764	1
4765	1
4766	1
4767	1
4768	703
4769	703
4770	0
4771	0
4772	0
4773	1
4774	1
4775	1
4776	0
4777	0
4778	703
4779	0
4780	0
4781	1
4782	0
4783	0
4784	1
4785	0
4786	1
4787	1
4788	0
4789	0
4790	0
4791	1
4792	0
4793	0
4794	11
4795	0
4796	1
4797	0
4798	0
4799	0
4800	1
4801	0
4802	148
4803	0
4804	0
4805	0
4806	0
4807	1
4808	703
4809	1
4810	0
4811	5
4812	0
4813	0
4814	0
4815	703
4816	703
4817	0
4818	703
4819	0
4820	0
4821	1
4822	0
4823	1
4824	0
4825	0
4826	1
4827	1
4828	1
4829	0
4830	0
4831	0
4832	0
4833	0
4834	10
4835	0
4836	0
4837	27
4838	0
4839	0
4840	0
4841	0
4842	0
4843	0
4844	1
4845	1
4846	0
4847	0
4848	0
4849	0
4850	1
4851	698
4852	0
4853	1
4854	0
4855	1
4856	0
4857	0
4858	703
4859	0
4860	1
4861	0
4862	0
4863	0
4864	0
4865	0
4866	0
4867	703
4868	1
4869	0
4870	0
4871	0
4872	0
4873	1
4874	0
4875	1
4876	0
4877	0
4878	0
4879	0
4880	4
4881	1
4882	0
4883	0
4884	1
4885	1
4886	0
4887	0
4888	0
4889	1
4890	0
4891	703
4892	18
4893	0
4894	1
4895	0
4896	0
4897	1
4898	1
4899	1
4900	0
4901	0
4902	0
4903	0
4904	1
4905	1
4906	0
4907	0
4908	1
4909	0
4910	0
4911	0
4912	0
4913	0
4914	0
4915	0
4916	1
4917	248
4918	0
4919	0
4920	19
4921	27
4922	0
4923	1
4924	0
4925	1
4926	1
4927	0
4928	1
4929	0
4930	0
4931	1
4932	0
4933	0
4934	0
4935	0
4936	0
4937	0
4938	2
4939	1
4940	1
4941	12
4942	12
4943	0
4944	27
4945	703
4946	0
4947	0
4948	0
4949	13
4950	0
4951	0
4952	0
4953	1
4954	0
4955	1
4956	27
4957	1
4958	0
4959	0
4960	0
4961	0
4962	1
4963	0
4964	0
4965	0
4966	1
4967	0
4968	2
4969	0
4970	1
4971	0
4972	1
4973	1
4974	18
4975	0
4976	0
4977	1
4978	0
4979	0
4980	0
4981	0
4982	0
4983	0
4984	0
4985	184
4986	1
4987	0
4988	0
4989	0
4990	1
4991	1
4992	0
4993	1
4994	7
4995	1
4996	697
4997	0
4998	1
4999	0
5000	0
5001	1
5002	0
5003	1
5004	0
5005	4
5006	651
5007	14
5008	0
5009	1
5010	1
5011	1
5012	1
5013	0
5014	0
5015	1
5016	0
5017	0
5018	0
5019	703
5020	0
5021	1
5022	1
5023	1
5024	0
5025	0
5026	1
5027	1
5028	1
5029	1
5030	703
5031	0
5032	13
5033	1
5034	457
5035	1
5036	0
5037	0
5038	0
5039	0
5040	1
5041	0
5042	1
5043	22
5044	0
5045	1
5046	0
5047	0
5048	0
5049	0
5050	1
5051	21
5052	0
5053	0
5054	1
5055	1
5056	0
5057	1
5058	0
5059	0
5060	6
5061	1
5062	0
5063	1
5064	1
5065	0
5066	1
5067	18
5068	1
5069	0
5070	1
5071	0
5072	0
5073	1
5074	0
5075	0
5076	0
5077	0
5078	2
5079	0
5080	0
5081	3
5082	0
5083	0
5084	1
5085	1
5086	22
5087	1
5088	1
5089	0
5090	0
5091	0
5092	0
5093	0
5094	0
5095	0
5096	0
5097	0
5098	0
5099	0
5100	0
5101	1
5102	1
5103	0
5104	1
5105	0
5106	1
5107	1
5108	1
5109	0
5110	0
5111	1
5112	0
5113	0
5114	0
5115	1
5116	0
5117	0
5118	1
5119	703
5120	0
5121	0
5122	0
5123	1
5124	1
5125	0
5126	0
5127	0
5128	1
5129	0
5130	1
5131	1
5132	1
5133	0
5134	703
5135	1
5136	0
5137	1
5138	2
5139	0
5140	0
5141	0
5142	0
5143	622
5144	13
5145	1
5146	703
5147	1
5148	0
5149	11
5150	0
5151	0
5152	1
5153	0
5154	0
5155	1
5156	0
5157	1
5158	0
5159	18
5160	0
5161	0
5162	0
5163	0
5164	703
5165	0
5166	1
5167	1
5168	1
5169	0
5170	1
5171	703
5172	0
5173	1
5174	703
5175	0
5176	0
5177	1
5178	703
5179	1
5180	1
5181	1
5182	1
5183	18
5184	332
5185	2
5186	0
5187	0
5188	10
5189	22
5190	0
5191	1
5192	1
5193	1
5194	1
5195	0
5196	1
5197	1
5198	1
5199	5
5200	0
5201	1
5202	0
5203	0
5204	0
5205	1
5206	1
5207	178
5208	0
5209	0
5210	1
5211	0
5212	0
5213	0
5214	1
5215	1
5216	0
5217	21
5218	1
5219	11
5220	0
5221	0
5222	1
5223	1
5224	20
5225	0
5226	1
5227	0
5228	0
5229	18
5230	0
5231	2
5232	4
5233	703
5234	0
5235	0
5236	0
5237	22
5238	1
5239	22
5240	1
5241	703
5242	0
5243	0
5244	0
5245	0
5246	1
5247	0
5248	1
5249	0
5250	0
5251	0
5252	1
5253	1
5254	0
5255	1
5256	0
5257	703
5258	0
5259	703
5260	0
5261	22
5262	0
5263	1
5264	0
5265	1
5266	0
5267	140
5268	272
5269	1
5270	1
5271	1
5272	1
5273	1
5274	0
5275	0
5276	0
5277	0
5278	0
5279	1
5280	0
5281	2
5282	0
5283	0
5284	0
5285	0
5286	0
5287	1
5288	0
5289	0
5290	0
5291	1
5292	0
5293	1
5294	0
5295	1
5296	1
5297	1
5298	1
5299	0
5300	9
5301	1
5302	1
5303	11
5304	19
5305	0
5306	1
5307	3
5308	0
5309	0
5310	0
5311	0
5312	1
5313	1
5314	0
5315	20
5316	202
5317	0
5318	0
5319	1
5320	1
5321	1
5322	0
5323	0
5324	0
5325	703
5326	703
5327	13
5328	0
5329	0
5330	0
5331	22
5332	11
5333	0
5334	703
5335	0
5336	0
5337	0
5338	0
5339	1
5340	0
5341	1
5342	0
5343	1
5344	0
5345	0
5346	13
5347	1
5348	0
5349	1
5350	0
5351	1
5352	0
5353	1
5354	3
5355	0
5356	0
5357	0
5358	1
5359	0
5360	0
5361	0
5362	0
5363	0
5364	3
5365	2
5366	0
5367	0
5368	0
5369	63
5370	0
5371	0
5372	0
5373	0
5374	0
5375	0
5376	0
5377	1
5378	0
5379	0
5380	1
5381	1
5382	0
5383	1
5384	1
5385	1
5386	27
5387	1
5388	0
5389	0
5390	0
5391	0
5392	0
5393	0
5394	1
5395	0
5396	1
5397	1
5398	0
5399	20
5400	0
5401	0
5402	0
5403	703
5404	0
5405	98
5406	0
5407	0
5408	0
5409	1
5410	1
5411	703
5412	0
5413	0
5414	0
5415	0
5416	11
5417	0
5418	316
5419	1
5420	0
5421	1
5422	0
5423	5
5424	0
5425	0
5426	0
5427	18
5428	0
5429	0
5430	0
5431	1
5432	0
5433	0
5434	1
5435	1
5436	1
5437	703
5438	0
5439	0
5440	1
5441	1
5442	0
5443	0
5444	1
5445	1
5446	1
5447	11
5448	0
5449	22
5450	0
5451	20
5452	0
5453	0
5454	0
5455	0
5456	0
5457	0
5458	11
5459	0
5460	2
5461	703
5462	1
5463	0
5464	1
5465	0
5466	1
5467	0
5468	0
5469	0
5470	1
5471	1
5472	0
5473	0
5474	1
5475	4
5476	1
5477	1
5478	6
5479	1
5480	0
5481	0
5482	0
5483	0
5484	0
5485	0
5486	0
5487	0
5488	0
5489	0
5490	0
5491	0
5492	0
5493	0
5494	0
5495	0
5496	0
5497	1
5498	0
5499	0
5500	4
5501	0
5502	20
5503	0
5504	4
5505	2
5506	1
5507	1
5508	0
5509	1
5510	0
5511	0
5512	1
5513	0
5514	0
5515	0
5516	0
5517	0
5518	0
5519	0
5520	0
5521	0
5522	0
5523	1
5524	0
5525	703
5526	0
5527	658
5528	17
5529	703
5530	0
5531	703
5532	1
5533	0
5534	273
5535	0
5536	1
5537	0
5538	0
5539	1
5540	1
5541	0
5542	0
5543	1
5544	0
5545	0
5546	0
5547	0
5548	0
5549	20
5550	0
5551	0
5552	0
5553	1
5554	1
5555	0
5556	1
5557	0
5558	1
5559	1
5560	0
5561	0
5562	0
5563	11
5564	1
5565	0
5566	1
5567	1
5568	0
5569	0
5570	1
5571	1
5572	1
5573	1
5574	0
5575	0
5576	255
5577	0
5578	0
5579	0
5580	0
5581	22
5582	0
5583	0
5584	1
5585	0
5586	0
5587	1
5588	1
5589	0
5590	0
5591	0
5592	0
5593	0
5594	1
5595	1
5596	0
5597	703
5598	703
5599	0
5600	1
5601	1
5602	0
5603	1
5604	1
5605	0
5606	0
5607	0
5608	0
5609	0
5610	0
5611	0
5612	703
5613	703
5614	0
5615	20
5616	0
5617	0
5618	0
5619	0
5620	0
5621	0
5622	1
5623	0
5624	290
5625	1
5626	703
5627	0
5628	1
5629	1
5630	0
5631	1
5632	1
5633	1
5634	1
5635	0
5636	703
5637	1
5638	0
5639	1
5640	1
5641	1
5642	0
5643	1
5644	0
5645	0
5646	0
5647	21
5648	0
5649	15
5650	0
5651	0
5652	1
5653	703
5654	1
5655	0
5656	0
5657	0
5658	0
5659	1
5660	0
5661	1
5662	0
5663	0
5664	1
5665	0
5666	17
5667	1
5668	1
5669	0
5670	0
5671	1
5672	1
5673	20
5674	0
5675	0
5676	625
5677	22
5678	703
5679	703
5680	0
5681	703
5682	0
5683	703
5684	703
5685	0
5686	703
5687	10
5688	0
5689	0
5690	0
5691	0
5692	275
5693	0
5694	0
5695	2
5696	4
5697	2
5698	0
5699	703
5700	0
5701	22
5702	703
5703	440
5704	11
5705	0
5706	1
5707	0
5708	1
5709	0
5710	0
5711	0
5712	1
5713	0
5714	0
5715	0
5716	1
5717	1
5718	0
5719	0
5720	0
5721	1
5722	0
5723	703
5724	0
5725	1
5726	7
5727	1
5728	0
5729	1
5730	1
5731	1
5732	0
5733	1
5734	0
5735	0
5736	1
5737	1
5738	0
5739	0
5740	0
5741	1
5742	13
5743	1
5744	0
5745	1
5746	0
5747	11
5748	0
5749	2
5750	1
5751	0
5752	1
5753	1
5754	0
5755	0
5756	0
5757	0
5758	0
5759	4
5760	1
5761	0
5762	0
5763	703
5764	1
5765	0
5766	0
5767	0
5768	0
5769	0
5770	0
5771	0
5772	0
5773	0
5774	0
5775	0
5776	15
5777	1
5778	1
5779	0
5780	0
5781	0
5782	0
5783	18
5784	7
5785	0
5786	1
5787	1
5788	1
5789	0
5790	0
5791	1
5792	0
5793	0
5794	0
5795	1
5796	0
5797	0
5798	0
5799	0
5800	1
5801	0
5802	0
5803	1
5804	1
5805	0
5806	0
5807	0
5808	0
5809	1
5810	16
5811	1
5812	0
5813	1
5814	0
5815	0
5816	0
5817	1
5818	0
5819	0
5820	1
5821	1
5822	1
5823	1
5824	20
5825	1
5826	1
5827	0
5828	1
5829	0
5830	0
5831	703
5832	0
5833	0
5834	0
5835	1
5836	0
5837	1
5838	1
5839	0
5840	0
5841	0
5842	0
5843	1
5844	0
5845	1
5846	0
5847	1
5848	0
5849	16
5850	1
5851	1
5852	295
5853	0
5854	0
5855	0
5856	1
5857	20
5858	1
5859	0
5860	0
5861	0
5862	1
5863	0
5864	0
5865	0
5866	0
5867	0
5868	0
5869	703
5870	0
5871	16
5872	0
5873	2
5874	10
5875	0
5876	1
5877	0
5878	1
5879	1
5880	0
5881	1
5882	0
5883	0
5884	0
5885	1
5886	0
5887	1
5888	11
5889	0
5890	0
5891	1
5892	1
5893	1
5894	0
5895	1
5896	0
5897	0
5898	0
5899	0
5900	0
5901	0
5902	1
5903	1
5904	1
5905	0
5906	1
5907	0
5908	0
5909	0
5910	0
5911	0
5912	0
5913	0
5914	1
5915	1
5916	0
5917	0
5918	0
5919	19
5920	0
5921	1
5922	1
5923	4
5924	703
5925	0
5926	1
5927	0
5928	0
5929	0
5930	0
5931	0
5932	0
5933	1
5934	0
5935	0
5936	0
5937	4
5938	0
5939	0
5940	0
5941	16
5942	1
5943	1
5944	0
5945	1
5946	703
5947	0
5948	1
5949	0
5950	1
5951	491
5952	1
5953	3
5954	1
5955	1
5956	703
5957	0
5958	0
5959	0
5960	1
5961	0
5962	2
5963	0
5964	0
5965	0
5966	0
5967	0
5968	0
5969	0
5970	0
5971	1
5972	2
5973	0
5974	1
5975	1
5976	1
5977	703
5978	1
5979	1
5980	0
5981	231
5982	0
5983	703
5984	306
5985	0
5986	0
5987	0
5988	0
5989	0
5990	1
5991	1
5992	0
5993	0
5994	0
5995	1
5996	0
5997	0
5998	1
5999	1
6000	258
6001	0
6002	0
6003	0
6004	0
6005	1
6006	0
6007	0
6008	0
6009	0
6010	2
6011	0
6012	1
6013	1
6014	1
6015	0
6016	0
6017	1
6018	1
6019	1
6020	2
6021	0
6022	10
6023	1
6024	0
6025	1
6026	0
6027	0
6028	0
6029	0
6030	0
6031	0
6032	1
6033	22
6034	0
6035	277
6036	1
6037	0
6038	0
6039	0
6040	1
6041	0
6042	0
6043	1
6044	1
6045	0
6046	0
6047	0
6048	1
6049	0
6050	0
6051	0
6052	0
6053	0
6054	0
6055	0
6056	1
6057	0
6058	0
6059	1
6060	0
6061	0
6062	0
6063	0
6064	1
6065	1
6066	1
6067	0
6068	703
6069	0
6070	0
6071	1
6072	0
6073	1
6074	0
6075	1
6076	0
6077	3
6078	0
6079	703
6080	1
6081	0
6082	0
6083	0
6084	0
6085	1
6086	0
6087	0
6088	0
6089	0
6090	1
6091	1
6092	0
6093	0
6094	0
6095	0
6096	0
6097	703
6098	1
6099	703
6100	0
6101	0
6102	1
6103	0
6104	0
6105	0
6106	0
6107	0
6108	0
6109	1
6110	2
6111	1
6112	1
6113	1
6114	1
6115	6
6116	0
6117	698
6118	703
6119	1
6120	0
6121	0
6122	703
6123	1
6124	1
6125	1
6126	0
6127	0
6128	0
6129	1
6130	0
6131	0
6132	5
6133	0
6134	1
6135	0
6136	0
6137	0
6138	0
6139	3
6140	0
6141	0
6142	12
6143	703
6144	0
6145	1
6146	0
6147	1
6148	308
6149	1
6150	0
6151	1
6152	0
6153	0
6154	0
6155	0
6156	0
6157	0
6158	0
6159	1
6160	1
6161	11
6162	0
6163	691
6164	1
6165	10
6166	0
6167	0
6168	0
6169	0
6170	1
6171	1
6172	0
6173	0
6174	0
6175	0
6176	0
6177	0
6178	0
6179	1
6180	1
6181	1
6182	1
6183	0
6184	0
6185	0
6186	0
6187	0
6188	1
6189	0
6190	0
6191	0
6192	0
6193	0
6194	0
6195	14
6196	1
6197	0
6198	0
6199	0
6200	1
6201	0
6202	0
6203	0
6204	1
6205	0
6206	0
6207	0
6208	0
6209	0
6210	1
6211	0
6212	0
6213	1
6214	0
6215	1
6216	1
6217	1
6218	0
6219	0
6220	0
6221	1
6222	0
6223	1
6224	1
6225	0
6226	0
6227	0
6228	0
6229	703
6230	0
6231	0
6232	1
6233	0
6234	0
6235	0
6236	1
6237	1
6238	1
6239	0
6240	0
6241	1
6242	0
6243	0
6244	0
6245	1
6246	0
6247	1
6248	0
6249	1
6250	1
6251	0
6252	0
6253	0
6254	116
6255	0
6256	0
6257	1
6258	0
6259	0
6260	0
6261	0
6262	0
6263	0
6264	1
6265	0
6266	0
6267	0
6268	0
6269	0
6270	1
6271	0
6272	0
6273	2
6274	703
6275	0
6276	703
6277	0
6278	0
6279	0
6280	1
6281	1
6282	1
6283	1
6284	0
6285	0
6286	0
6287	703
6288	0
6289	1
6290	0
6291	0
6292	0
6293	2
6294	0
6295	0
6296	116
6297	703
6298	0
6299	0
6300	0
6301	0
6302	0
6303	1
6304	0
6305	0
6306	1
6307	0
6308	1
6309	1
6310	0
6311	0
6312	2
6313	0
6314	1
6315	1
6316	0
6317	7
6318	0
6319	1
6320	1
6321	0
6322	1
6323	1
6324	10
6325	1
6326	0
6327	1
6328	0
6329	1
6330	1
6331	0
6332	0
6333	21
6334	0
6335	0
6336	0
6337	1
6338	1
6339	0
6340	0
6341	0
6342	0
6343	1
6344	1
6345	0
6346	0
6347	0
6348	0
6349	0
6350	0
6351	0
6352	0
6353	0
6354	0
6355	1
6356	0
6357	0
6358	1
6359	3
6360	1
6361	0
6362	2
6363	1
6364	1
6365	0
6366	1
6367	0
6368	0
6369	1
6370	0
6371	1
6372	1
6373	1
6374	0
6375	0
6376	0
6377	0
6378	0
6379	0
6380	703
6381	703
6382	703
6383	0
6384	0
6385	0
6386	1
6387	0
6388	0
6389	0
6390	0
6391	0
6392	0
6393	0
6394	0
6395	0
6396	0
6397	0
6398	0
6399	0
6400	1
6401	1
6402	0
6403	0
6404	12
6405	0
6406	1
6407	0
6408	1
6409	1
6410	0
6411	0
6412	0
6413	0
6414	703
6415	1
6416	13
6417	0
6418	1
6419	1
6420	1
6421	0
6422	703
6423	1
6424	247
6425	0
6426	0
6427	1
6428	1
6429	0
6430	1
6431	0
6432	0
6433	0
6434	3
6435	703
6436	703
6437	703
6438	1
6439	0
6440	0
6441	1
6442	1
6443	0
6444	0
6445	0
6446	703
6447	1
6448	1
6449	0
6450	2
6451	0
6452	0
6453	0
6454	1
6455	1
6456	0
6457	0
6458	1
6459	20
6460	112
6461	0
6462	190
6463	0
6464	0
6465	0
6466	508
6467	1
6468	0
6469	0
6470	703
6471	0
6472	0
6473	1
6474	1
6475	1
6476	0
6477	1
6478	703
6479	703
6480	1
6481	703
6482	703
6483	1
6484	14
6485	1
6486	1
6487	0
6488	1
6489	0
6490	1
6491	1
6492	0
6493	21
6494	1
6495	0
6496	541
6497	0
6498	1
6499	1
6500	0
6501	0
6502	1
6503	0
6504	0
6505	0
6506	0
6507	0
6508	0
6509	1
6510	1
6511	1
6512	0
6513	0
6514	1
6515	0
6516	0
6517	2
6518	0
6519	0
6520	1
6521	1
6522	4
6523	2
6524	0
6525	0
6526	1
6527	0
6528	0
6529	0
6530	1
6531	1
6532	0
6533	1
6534	0
6535	0
6536	0
6537	1
6538	0
6539	2
6540	1
6541	1
6542	0
6543	0
6544	1
6545	1
6546	1
6547	0
6548	640
6549	1
6550	1
6551	703
6552	1
6553	0
6554	19
6555	1
6556	0
6557	0
6558	691
6559	0
6560	0
6561	1
6562	1
6563	2
6564	0
6565	0
6566	0
6567	0
6568	1
6569	12
6570	0
6571	0
6572	1
6573	1
6574	703
6575	0
6576	1
6577	0
6578	1
6579	1
6580	703
6581	0
6582	1
6583	3
6584	1
6585	1
6586	0
6587	703
6588	0
6589	2
6590	0
6591	0
6592	18
6593	12
6594	1
6595	0
6596	0
6597	0
6598	0
6599	703
6600	1
6601	1
6602	0
6603	541
6604	0
6605	19
6606	0
6607	703
6608	0
6609	703
6610	0
6611	2
6612	0
6613	12
6614	1
6615	0
6616	703
6617	703
6618	18
6619	1
6620	0
6621	0
6622	0
6623	0
6624	0
6625	703
6626	1
6627	0
6628	0
6629	1
6630	0
6631	703
6632	336
6633	703
6634	0
6635	0
6636	703
6637	0
6638	1
6639	0
6640	703
6641	1
6642	0
6643	0
6644	0
6645	1
6646	1
6647	0
6648	0
6649	1
6650	0
6651	0
6652	1
6653	0
6654	0
6655	0
6656	0
6657	0
6658	0
6659	1
6660	0
6661	0
6662	0
6663	1
6664	1
6665	1
6666	0
6667	0
6668	10
6669	0
6670	1
6671	703
6672	0
6673	0
6674	0
6675	0
6676	0
6677	0
6678	1
6679	0
6680	0
6681	0
6682	1
6683	1
6684	0
6685	703
6686	118
6687	1
6688	0
6689	0
6690	0
6691	0
6692	0
6693	1
6694	1
6695	0
6696	0
6697	0
6698	2
6699	0
6700	0
6701	0
6702	0
6703	0
6704	1
6705	0
6706	0
6707	0
6708	0
6709	0
6710	14
6711	0
6712	0
6713	703
6714	0
6715	0
6716	0
6717	1
6718	0
6719	1
6720	0
6721	703
6722	0
6723	1
6724	0
6725	1
6726	10
6727	159
6728	0
6729	17
6730	1
6731	12
6732	1
6733	1
6734	1
6735	2
6736	1
6737	0
6738	698
6739	1
6740	5
6741	1
6742	1
6743	1
6744	0
6745	0
6746	0
6747	11
6748	1
6749	1
6750	1
6751	1
6752	703
6753	0
6754	0
6755	0
6756	0
6757	0
6758	0
6759	0
6760	0
6761	0
6762	1
6763	1
6764	6
6765	0
6766	335
6767	0
6768	0
6769	0
6770	0
6771	1
6772	0
6773	0
6774	208
6775	0
6776	0
6777	0
6778	703
6779	0
6780	0
6781	1
6782	0
6783	0
6784	1
6785	0
6786	0
6787	0
6788	703
6789	0
6790	0
6791	0
6792	1
6793	0
6794	0
6795	0
6796	0
6797	1
6798	0
6799	0
6800	0
6801	0
6802	1
6803	0
6804	1
6805	0
6806	0
6807	1
6808	0
6809	1
6810	0
6811	1
6812	1
6813	0
6814	0
6815	0
6816	0
6817	1
6818	0
6819	0
6820	0
6821	13
6822	703
6823	703
6824	703
6825	0
6826	0
6827	0
6828	0
6829	0
6830	0
6831	0
6832	0
6833	0
6834	1
6835	2
6836	0
6837	0
6838	0
6839	609
6840	0
6841	0
6842	0
6843	0
6844	1
6845	0
6846	0
6847	2
6848	0
6849	0
6850	7
6851	703
6852	0
6853	703
6854	0
6855	1
6856	0
6857	22
6858	0
6859	0
6860	1
6861	1
6862	4
6863	1
6864	1
6865	1
6866	0
6867	0
6868	0
6869	0
6870	1
6871	703
6872	0
6873	0
6874	1
6875	0
6876	0
6877	695
6878	0
6879	0
6880	0
6881	1
6882	0
6883	0
6884	0
6885	102
6886	1
6887	0
6888	1
6889	1
6890	1
6891	703
6892	1
6893	1
6894	1
6895	0
6896	0
6897	0
6898	0
6899	0
6900	0
6901	0
6902	1
6903	0
6904	0
6905	0
6906	703
6907	1
6908	0
6909	703
6910	703
6911	1
6912	703
6913	2
6914	0
6915	1
6916	586
6917	0
6918	1
6919	0
6920	0
6921	1
6922	703
6923	703
6924	0
6925	1
6926	0
6927	1
6928	703
6929	0
6930	292
6931	0
6932	0
6933	1
6934	0
6935	703
6936	10
6937	703
6938	0
6939	1
6940	0
6941	703
6942	0
6943	275
6944	0
6945	0
6946	299
6947	1
6948	0
6949	1
6950	0
6951	1
6952	1
6953	1
6954	1
6955	1
6956	1
6957	1
6958	12
6959	0
6960	19
6961	0
6962	0
6963	0
6964	0
6965	0
6966	0
6967	0
6968	0
6969	1
6970	1
6971	0
6972	1
6973	1
6974	0
6975	0
6976	0
6977	0
6978	0
6979	18
6980	0
6981	1
6982	1
6983	0
6984	703
6985	695
6986	0
6987	0
6988	54
6989	703
6990	703
6991	0
6992	703
6993	1
6994	0
6995	0
6996	0
6997	0
6998	1
6999	0
7000	1
7001	0
7002	1
7003	4
7004	0
7005	1
7006	0
7007	1
7008	1
7009	703
7010	1
7011	1
7012	0
7013	1
7014	1
7015	0
7016	703
7017	0
7018	1
7019	1
7020	0
7021	0
7022	0
7023	0
7024	0
7025	1
7026	0
7027	1
7028	4
7029	0
7030	0
7031	0
7032	1
7033	1
7034	12
7035	0
7036	0
7037	1
7038	0
7039	0
7040	0
7041	1
7042	0
7043	1
7044	0
7045	0
7046	0
7047	1
7048	0
7049	0
7050	1
7051	1
7052	0
7053	1
7054	703
7055	1
7056	0
7057	0
7058	1
7059	0
7060	1
7061	0
7062	0
7063	1
7064	1
7065	2
7066	0
7067	0
7068	0
7069	5
7070	11
7071	1
7072	0
7073	1
7074	1
7075	0
7076	1
7077	0
7078	0
7079	1
7080	4
7081	0
7082	0
7083	0
7084	20
7085	0
7086	1
7087	0
7088	0
7089	1
7090	0
7091	1
7092	1
7093	1
7094	0
7095	1
7096	1
7097	1
7098	1
7099	0
7100	1
7101	1
7102	157
7103	0
7104	0
7105	0
7106	0
7107	0
7108	0
7109	0
7110	1
7111	1
7112	1
7113	682
7114	703
7115	703
7116	1
7117	0
7118	1
7119	1
7120	0
7121	0
7122	0
7123	0
7124	0
7125	1
7126	1
7127	0
7128	703
7129	20
7130	0
7131	0
7132	22
7133	0
7134	0
7135	0
7136	703
7137	0
7138	0
7139	0
7140	0
7141	0
7142	0
7143	0
7144	0
7145	0
7146	0
7147	0
7148	0
7149	0
7150	0
7151	1
7152	0
7153	0
7154	0
7155	1
7156	1
7157	0
7158	0
7159	0
7160	0
7161	0
7162	275
7163	0
7164	0
7165	703
7166	1
7167	0
7168	0
7169	703
7170	0
7171	1
7172	1
7173	0
7174	0
7175	0
7176	0
7177	0
7178	0
7179	0
7180	1
7181	1
7182	0
7183	0
7184	1
7185	0
7186	703
7187	0
7188	0
7189	373
7190	633
7191	0
7192	1
7193	0
7194	2
7195	1
7196	1
7197	0
7198	0
7199	0
7200	10
7201	0
7202	0
7203	1
7204	0
7205	0
7206	0
7207	0
7208	703
7209	0
7210	16
7211	0
7212	0
7213	1
7214	0
7215	0
7216	0
7217	0
7218	1
7219	11
7220	11
7221	0
7222	1
7223	0
7224	1
7225	0
7226	1
7227	1
7228	0
7229	0
7230	1
7231	1
7232	0
7233	1
7234	11
7235	1
7236	1
7237	703
7238	0
7239	0
7240	0
7241	0
7242	0
7243	1
7244	0
7245	1
7246	0
7247	703
7248	1
7249	0
7250	0
7251	0
7252	0
7253	0
7254	0
7255	0
7256	0
7257	0
7258	1
7259	1
7260	1
7261	0
7262	1
7263	1
7264	0
7265	0
7266	0
7267	678
7268	0
7269	1
7270	0
7271	0
7272	1
7273	0
7274	1
7275	1
7276	0
7277	0
7278	1
7279	1
7280	1
7281	0
7282	1
7283	16
7284	2
7285	662
7286	20
7287	20
7288	1
7289	0
7290	1
7291	0
7292	0
7293	1
7294	1
7295	1
7296	1
7297	1
7298	703
7299	0
7300	1
7301	2
7302	0
7303	0
7304	1
7305	0
7306	0
7307	1
7308	0
7309	0
7310	0
7311	703
7312	0
7313	0
7314	14
7315	0
7316	2
7317	1
7318	1
7319	0
7320	0
7321	1
7322	0
7323	0
7324	1
7325	179
7326	1
7327	0
7328	1
7329	0
7330	1
7331	600
7332	22
7333	0
7334	1
7335	0
7336	1
7337	0
7338	703
7339	0
7340	0
7341	1
7342	2
7343	0
7344	11
7345	0
7346	0
7347	1
7348	0
7349	0
7350	1
7351	1
7352	0
7353	2
7354	0
7355	1
7356	12
7357	0
7358	0
7359	0
7360	1
7361	0
7362	0
7363	1
7364	0
7365	1
7366	1
7367	0
7368	0
7369	1
7370	0
7371	0
7372	0
7373	0
7374	0
7375	0
7376	0
7377	1
7378	1
7379	0
7380	0
7381	0
7382	0
7383	0
7384	1
7385	0
7386	0
7387	703
7388	1
7389	0
7390	0
7391	0
7392	0
7393	0
7394	703
7395	703
7396	1
7397	1
7398	0
7399	0
7400	1
7401	0
7402	1
7403	1
7404	2
7405	1
7406	0
7407	0
7408	0
7409	0
7410	1
7411	0
7412	0
7413	0
7414	0
7415	1
7416	1
7417	0
7418	0
7419	1
7420	1
7421	1
7422	0
7423	550
7424	1
7425	0
7426	0
7427	0
7428	703
7429	0
7430	293
7431	0
7432	0
7433	1
7434	0
7435	1
7436	1
7437	0
7438	0
7439	0
7440	1
7441	0
7442	0
7443	1
7444	0
7445	0
7446	0
7447	0
7448	1
7449	0
7450	0
7451	0
7452	10
7453	0
7454	1
7455	4
7456	0
7457	0
7458	1
7459	27
7460	0
7461	0
7462	1
7463	1
7464	0
7465	0
7466	1
7467	312
7468	0
7469	703
7470	0
7471	21
7472	0
7473	0
7474	1
7475	0
7476	0
7477	0
7478	0
7479	0
7480	1
7481	1
7482	0
7483	0
7484	0
7485	1
7486	0
7487	0
7488	0
7489	1
7490	1
7491	0
7492	0
7493	0
7494	1
7495	0
7496	1
7497	0
7498	639
7499	6
7500	0
7501	1
7502	0
7503	0
7504	0
7505	0
7506	0
7507	11
7508	1
7509	4
7510	0
7511	0
7512	1
7513	1
7514	1
7515	0
7516	0
7517	0
7518	0
7519	142
7520	0
7521	0
7522	1
7523	1
7524	3
7525	1
7526	0
7527	0
7528	0
7529	0
7530	1
7531	0
7532	0
7533	0
7534	0
7535	1
7536	1
7537	5
7538	1
7539	0
7540	0
7541	0
7542	1
7543	0
7544	0
7545	0
7546	1
7547	1
7548	0
7549	1
7550	0
7551	0
7552	1
7553	0
7554	0
7555	0
7556	703
7557	0
7558	1
7559	1
7560	18
7561	86
7562	1
7563	0
7564	1
7565	0
7566	0
7567	0
7568	1
7569	1
7570	1
7571	1
7572	0
7573	1
7574	1
7575	1
7576	0
7577	1
7578	703
7579	0
7580	0
7581	0
7582	0
7583	1
7584	229
7585	1
7586	1
7587	0
7588	1
7589	12
7590	0
7591	0
7592	9
7593	2
7594	0
7595	0
7596	1
7597	0
7598	0
7599	0
7600	0
7601	703
7602	0
7603	703
7604	0
7605	161
7606	1
7607	1
7608	1
7609	20
7610	703
7611	0
7612	0
7613	703
7614	0
7615	1
7616	1
7617	0
7618	0
7619	0
7620	703
7621	0
7622	0
7623	1
7624	0
7625	0
7626	0
7627	1
7628	0
7629	0
7630	0
7631	0
7632	1
7633	0
7634	0
7635	0
7636	0
7637	0
7638	0
7639	703
7640	0
7641	698
7642	1
7643	0
7644	0
7645	1
7646	0
7647	1
7648	1
7649	0
7650	0
7651	1
7652	0
7653	1
7654	1
7655	1
7656	0
7657	0
7658	0
7659	0
7660	1
7661	0
7662	0
7663	1
7664	0
7665	0
7666	1
7667	0
7668	0
7669	0
7670	10
7671	0
7672	0
7673	132
7674	0
7675	0
7676	1
7677	0
7678	0
7679	1
7680	1
7681	1
7682	0
7683	1
7684	703
7685	3
7686	0
7687	703
7688	1
7689	0
7690	0
7691	0
7692	1
7693	0
7694	0
7695	1
7696	0
7697	0
7698	1
7699	1
7700	0
7701	0
7702	1
7703	1
7704	0
7705	1
7706	0
7707	1
7708	0
7709	1
7710	1
7711	1
7712	0
7713	0
7714	1
7715	22
7716	14
7717	1
7718	0
7719	0
7720	0
7721	1
7722	14
7723	1
7724	0
7725	0
7726	0
7727	1
7728	1
7729	22
7730	0
7731	1
7732	0
7733	0
7734	0
7735	0
7736	1
7737	106
7738	0
7739	0
7740	0
7741	1
7742	1
7743	0
7744	0
7745	0
7746	19
7747	1
7748	2
7749	0
7750	0
7751	0
7752	0
7753	0
7754	1
7755	0
7756	0
7757	703
7758	1
7759	1
7760	0
7761	0
7762	1
7763	286
7764	0
7765	1
7766	1
7767	0
7768	0
7769	0
7770	0
7771	1
7772	1
7773	19
7774	0
7775	0
7776	0
7777	9
7778	0
7779	0
7780	0
7781	703
7782	0
7783	1
7784	0
7785	0
7786	0
7787	0
7788	0
7789	0
7790	0
7791	0
7792	0
7793	0
7794	1
7795	0
7796	1
7797	1
7798	1
7799	0
7800	0
7801	0
7802	1
7803	0
7804	703
7805	0
7806	0
7807	0
7808	0
7809	0
7810	0
7811	1
7812	703
7813	3
7814	1
7815	0
7816	1
7817	6
7818	2
7819	0
7820	0
7821	11
7822	1
7823	0
7824	0
7825	0
7826	0
7827	0
7828	1
7829	0
7830	1
7831	170
7832	0
7833	1
7834	0
7835	0
7836	4
7837	1
7838	0
7839	1
7840	0
7841	0
7842	0
7843	0
7844	0
7845	0
7846	1
7847	0
7848	0
7849	0
7850	9
7851	1
7852	10
7853	0
7854	0
7855	0
7856	1
7857	1
7858	1
7859	1
7860	0
7861	1
7862	0
7863	0
7864	0
7865	0
7866	0
7867	2
7868	0
7869	1
7870	0
7871	1
7872	0
7873	10
7874	0
7875	0
7876	703
7877	1
7878	0
7879	0
7880	1
7881	703
7882	0
7883	1
7884	0
7885	1
7886	1
7887	18
7888	1
7889	1
7890	0
7891	0
7892	0
7893	1
7894	9
7895	0
7896	0
7897	0
7898	0
7899	1
7900	1
7901	0
7902	0
7903	0
7904	0
7905	0
7906	0
7907	703
7908	0
7909	1
7910	1
7911	1
7912	0
7913	360
7914	0
7915	703
7916	0
7917	1
7918	0
7919	22
7920	22
7921	0
7922	0
7923	0
7924	275
7925	0
7926	0
7927	0
7928	0
7929	0
7930	1
7931	0
7932	0
7933	0
7934	2
7935	1
7936	0
7937	1
7938	3
7939	20
7940	0
7941	0
7942	1
7943	0
7944	1
7945	0
7946	1
7947	0
7948	0
7949	1
7950	684
7951	0
7952	0
7953	1
7954	1
7955	0
7956	1
7957	1
7958	0
7959	1
7960	1
7961	0
7962	0
7963	0
7964	0
7965	1
7966	0
7967	0
7968	0
7969	0
7970	0
7971	0
7972	0
7973	0
7974	703
7975	1
7976	1
7977	0
7978	1
7979	0
7980	1
7981	160
7982	0
7983	1
7984	1
7985	1
7986	703
7987	1
7988	0
7989	1
7990	0
7991	1
7992	0
7993	7
7994	0
7995	0
7996	0
7997	0
7998	8
7999	0
8000	1
8001	1
8002	1
8003	0
8004	0
8005	1
8006	1
8007	703
8008	703
8009	0
8010	0
8011	1
8012	0
8013	0
8014	0
8015	0
8016	0
8017	1
8018	0
8019	1
8020	1
8021	1
8022	1
8023	1
8024	0
8025	0
8026	2
8027	2
8028	0
8029	0
8030	0
8031	539
8032	0
8033	0
8034	0
8035	0
8036	0
8037	1
8038	703
8039	0
8040	1
8041	0
8042	0
8043	0
8044	0
8045	0
8046	0
8047	0
8048	0
8049	0
8050	0
8051	1
8052	0
8053	2
8054	0
8055	0
8056	1
8057	0
8058	1
8059	1
8060	0
8061	1
8062	1
8063	1
8064	0
8065	2
8066	0
8067	0
8068	0
8069	0
8070	0
8071	1
8072	0
8073	0
8074	0
8075	1
8076	1
8077	0
8078	0
8079	0
8080	0
8081	0
8082	0
8083	0
8084	702
8085	0
8086	5
8087	0
8088	1
8089	1
8090	0
8091	0
8092	11
8093	1
8094	0
8095	0
8096	0
8097	1
8098	1
8099	0
8100	1
8101	0
8102	0
8103	0
8104	5
8105	0
8106	0
8107	11
8108	0
8109	0
8110	0
8111	0
8112	0
8113	0
8114	0
8115	0
8116	0
8117	1
8118	703
8119	1
8120	0
8121	0
8122	0
8123	0
8124	0
8125	1
8126	0
8127	0
8128	0
8129	1
8130	695
8131	703
8132	0
8133	0
8134	3
8135	0
8136	0
8137	0
8138	0
8139	0
8140	1
8141	703
8142	1
8143	0
8144	1
8145	1
8146	0
8147	0
8148	18
8149	1
8150	0
8151	1
8152	391
8153	0
8154	1
8155	0
8156	0
8157	0
8158	0
8159	0
8160	1
8161	0
8162	703
8163	18
8164	2
8165	0
8166	1
8167	0
8168	1
8169	1
8170	0
8171	0
8172	0
8173	0
8174	1
8175	1
8176	0
8177	1
8178	1
8179	1
8180	0
8181	0
8182	1
8183	1
8184	1
8185	1
8186	1
8187	1
8188	0
8189	2
8190	0
8191	1
8192	2
8193	0
8194	0
8195	1
8196	0
8197	0
8198	0
8199	0
8200	703
8201	0
8202	0
8203	0
8204	22
8205	0
8206	0
8207	0
8208	1
8209	1
8210	1
8211	1
8212	0
8213	0
8214	0
8215	703
8216	1
8217	1
8218	0
8219	1
8220	703
8221	703
8222	0
8223	0
8224	174
8225	1
8226	0
8227	1
8228	1
8229	703
8230	2
8231	703
8232	0
8233	0
8234	0
8235	1
8236	703
8237	0
8238	10
8239	1
8240	0
8241	1
8242	0
8243	0
8244	1
8245	0
8246	0
8247	0
8248	1
8249	1
8250	21
8251	0
8252	0
8253	1
8254	19
8255	0
8256	1
8257	0
8258	0
8259	0
8260	10
8261	0
8262	10
8263	10
8264	0
8265	0
8266	703
8267	0
8268	0
8269	0
8270	0
8271	1
8272	1
8273	703
8274	0
8275	0
8276	1
8277	1
8278	0
8279	1
8280	0
8281	0
8282	0
8283	1
8284	0
8285	1
8286	1
8287	0
8288	0
8289	1
8290	1
8291	1
8292	11
8293	0
8294	1
8295	1
8296	0
8297	0
8298	0
8299	0
8300	12
8301	1
8302	18
8303	0
8304	0
8305	22
8306	1
8307	0
8308	0
8309	0
8310	0
8311	0
8312	0
8313	703
8314	0
8315	703
8316	0
8317	0
8318	703
8319	0
8320	233
8321	0
8322	1
8323	1
8324	1
8325	0
8326	0
8327	0
8328	1
8329	1
8330	0
8331	0
8332	0
8333	2
8334	0
8335	0
8336	1
8337	0
8338	1
8339	0
8340	1
8341	0
8342	0
8343	4
8344	0
8345	1
8346	0
8347	0
8348	0
8349	0
8350	0
8351	1
8352	0
8353	0
8354	1
8355	0
8356	1
8357	703
8358	1
8359	0
8360	1
8361	0
8362	21
8363	0
8364	0
8365	1
8366	0
8367	1
8368	0
8369	1
8370	0
8371	0
8372	0
8373	0
8374	0
8375	0
8376	703
8377	2
8378	0
8379	1
8380	0
8381	0
8382	0
8383	0
8384	0
8385	0
8386	20
8387	1
8388	0
8389	1
8390	0
8391	0
8392	0
8393	703
8394	0
8395	1
8396	0
8397	0
8398	0
8399	0
8400	0
8401	1
8402	1
8403	1
8404	0
8405	1
8406	391
8407	0
8408	1
8409	0
8410	0
8411	703
8412	0
8413	0
8414	0
8415	8
8416	0
8417	1
8418	1
8419	1
8420	0
8421	0
8422	0
8423	0
8424	0
8425	0
8426	703
8427	1
8428	11
8429	0
8430	2
8431	1
8432	0
8433	19
8434	0
8435	0
8436	0
8437	0
8438	1
8439	0
8440	703
8441	0
8442	1
8443	1
8444	1
8445	1
8446	703
8447	12
8448	6
8449	0
8450	0
8451	0
8452	0
8453	0
8454	0
8455	352
8456	1
8457	1
8458	1
8459	1
8460	1
8461	1
8462	0
8463	0
8464	1
8465	0
8466	0
8467	0
8468	0
8469	0
8470	1
8471	0
8472	0
8473	403
8474	0
8475	0
8476	0
8477	0
8478	1
8479	703
8480	0
8481	695
8482	12
8483	1
8484	1
8485	0
8486	18
8487	10
8488	0
8489	0
8490	0
8491	0
8492	0
8493	0
8494	0
8495	0
8496	0
8497	0
8498	0
8499	0
8500	1
8501	703
8502	20
8503	0
8504	27
8505	0
8506	0
8507	0
8508	0
8509	0
8510	0
8511	0
8512	0
8513	1
8514	1
8515	0
8516	1
8517	0
8518	0
8519	323
8520	703
8521	1
8522	0
8523	1
8524	0
8525	0
8526	0
8527	0
8528	0
8529	0
8530	0
8531	0
8532	0
8533	0
8534	0
8535	0
8536	1
8537	1
8538	1
8539	1
8540	1
8541	1
8542	0
8543	0
8544	0
8545	1
8546	1
8547	0
8548	1
8549	0
8550	3
8551	0
8552	0
8553	1
8554	703
8555	0
8556	1
8557	6
8558	1
8559	703
8560	703
8561	1
8562	14
8563	0
8564	11
8565	0
8566	264
8567	0
8568	0
8569	0
8570	0
8571	0
8572	0
8573	0
8574	0
8575	1
8576	1
8577	4
8578	0
8579	0
8580	703
8581	0
8582	0
8583	1
8584	1
8585	1
8586	0
8587	0
8588	0
8589	4
8590	0
8591	0
8592	0
8593	703
8594	0
8595	0
8596	1
8597	1
8598	0
8599	0
8600	0
8601	1
8602	0
8603	0
8604	0
8605	1
8606	0
8607	0
8608	0
8609	0
8610	1
8611	1
8612	0
8613	406
8614	1
8615	2
8616	0
8617	0
8618	1
8619	1
8620	0
8621	0
8622	1
8623	677
8624	0
8625	703
8626	1
8627	0
8628	0
8629	455
8630	1
8631	1
8632	0
8633	0
8634	1
8635	703
8636	0
8637	0
8638	0
8639	0
8640	0
8641	1
8642	0
8643	4
8644	0
8645	0
8646	0
8647	1
8648	1
8649	1
8650	0
8651	0
8652	0
8653	0
8654	16
8655	0
8656	10
8657	1
8658	1
8659	0
8660	0
8661	0
8662	0
8663	1
8664	0
8665	1
8666	0
8667	0
8668	1
8669	0
8670	0
8671	0
8672	1
8673	1
8674	0
8675	703
8676	0
8677	703
8678	0
8679	1
8680	0
8681	1
8682	0
8683	0
8684	0
8685	1
8686	0
8687	1
8688	703
8689	703
8690	0
8691	0
8692	0
8693	0
8694	703
8695	0
8696	0
8697	0
8698	4
8699	1
8700	0
8701	1
8702	1
8703	21
8704	1
8705	0
8706	1
8707	0
8708	0
8709	0
8710	0
8711	197
8712	1
8713	668
8714	5
8715	0
8716	233
8717	1
8718	0
8719	0
8720	1
8721	13
8722	1
8723	1
8724	0
8725	3
8726	0
8727	1
8728	0
8729	0
8730	0
8731	1
8732	0
8733	703
8734	0
8735	11
8736	1
8737	3
8738	0
8739	1
8740	0
8741	1
8742	3
8743	0
8744	0
8745	1
8746	0
8747	0
8748	0
8749	0
8750	1
8751	0
8752	0
8753	0
8754	0
8755	2
8756	703
8757	1
8758	0
8759	0
8760	0
8761	2
8762	0
8763	1
8764	1
8765	0
8766	1
8767	1
8768	10
8769	1
8770	1
8771	0
8772	698
8773	2
8774	0
8775	703
8776	1
8777	0
8778	0
8779	202
8780	1
8781	0
8782	0
8783	0
8784	703
8785	0
8786	0
8787	0
8788	0
8789	0
8790	0
8791	0
8792	1
8793	0
8794	0
8795	0
8796	1
8797	1
8798	1
8799	1
8800	0
8801	1
8802	4
8803	0
8804	0
8805	703
8806	1
8807	703
8808	0
8809	0
8810	0
8811	0
8812	1
8813	0
8814	1
8815	0
8816	458
8817	1
8818	0
8819	0
8820	0
8821	27
8822	0
8823	0
8824	0
8825	0
8826	1
8827	0
8828	0
8829	0
8830	0
8831	1
8832	0
8833	1
8834	703
8835	1
8836	703
8837	0
8838	1
8839	0
8840	1
8841	0
8842	0
8843	0
8844	0
8845	1
8846	0
8847	1
8848	2
8849	1
8850	0
8851	0
8852	0
8853	0
8854	0
8855	2
8856	1
8857	0
8858	0
8859	0
8860	0
8861	0
8862	2
8863	0
8864	0
8865	0
8866	1
8867	0
8868	0
8869	0
8870	1
8871	1
8872	0
8873	210
8874	0
8875	0
8876	0
8877	1
8878	0
8879	1
8880	19
8881	1
8882	0
8883	0
8884	1
8885	0
8886	0
8887	0
8888	0
8889	0
8890	0
8891	0
8892	1
8893	1
8894	0
8895	698
8896	703
8897	0
8898	1
8899	1
8900	0
8901	1
8902	0
8903	0
8904	1
8905	1
8906	1
8907	0
8908	0
8909	0
8910	0
8911	1
8912	0
8913	0
8914	0
8915	0
8916	0
8917	0
8918	1
8919	1
8920	1
8921	703
8922	1
8923	1
8924	0
8925	0
8926	703
8927	2
8928	3
8929	1
8930	0
8931	1
8932	0
8933	0
8934	0
8935	4
8936	1
8937	703
8938	2
8939	0
8940	0
8941	0
8942	703
8943	0
8944	11
8945	0
8946	0
8947	1
8948	5
8949	0
8950	703
8951	0
8952	0
8953	1
8954	0
8955	0
8956	1
8957	15
8958	0
8959	1
8960	0
8961	1
8962	0
8963	0
8964	0
8965	0
8966	703
8967	0
8968	0
8969	0
8970	289
8971	0
8972	0
8973	1
8974	1
8975	1
8976	0
8977	0
8978	0
8979	1
8980	1
8981	1
8982	1
8983	0
8984	0
8985	0
8986	0
8987	0
8988	0
8989	0
8990	0
8991	0
8992	1
8993	1
8994	1
8995	0
8996	0
8997	1
8998	0
8999	0
9000	8
9001	0
9002	5
9003	1
9004	1
9005	659
9006	0
9007	0
9008	0
9009	0
9010	0
9011	1
9012	703
9013	703
9014	703
9015	0
9016	0
9017	1
9018	0
9019	0
9020	1
9021	0
9022	0
9023	140
9024	0
9025	1
9026	0
9027	0
9028	1
9029	0
9030	0
9031	20
9032	0
9033	1
9034	4
9035	1
9036	1
9037	1
9038	0
9039	0
9040	1
9041	0
9042	0
9043	1
9044	0
9045	0
9046	0
9047	703
9048	0
9049	0
9050	0
9051	0
9052	1
9053	1
9054	1
9055	0
9056	703
9057	0
9058	0
9059	0
9060	1
9061	0
9062	0
9063	0
9064	1
9065	0
9066	0
9067	1
9068	0
9069	1
9070	0
9071	0
9072	0
9073	0
9074	0
9075	0
9076	1
9077	1
9078	0
9079	1
9080	0
9081	0
9082	1
9083	0
9084	703
9085	1
9086	1
9087	0
9088	0
9089	1
9090	1
9091	0
9092	0
9093	0
9094	0
9095	1
9096	1
9097	1
9098	0
9099	0
9100	703
9101	703
9102	1
9103	0
9104	0
9105	0
9106	1
9107	1
9108	0
9109	1
9110	0
9111	0
9112	0
9113	0
9114	0
9115	1
9116	0
9117	0
9118	0
9119	0
9120	2
9121	0
9122	0
9123	0
9124	0
9125	1
9126	0
9127	0
9128	3
9129	1
9130	0
9131	0
9132	0
9133	0
9134	0
9135	0
9136	0
9137	1
9138	1
9139	1
9140	0
9141	0
9142	0
9143	1
9144	0
9145	672
9146	5
9147	0
9148	0
9149	0
9150	0
9151	197
9152	0
9153	0
9154	0
9155	703
9156	2
9157	0
9158	1
9159	1
9160	0
9161	703
9162	1
9163	0
9164	703
9165	0
9166	0
9167	1
9168	0
9169	2
9170	1
9171	0
9172	0
9173	1
9174	11
9175	0
9176	0
9177	0
9178	0
9179	0
9180	0
9181	0
9182	4
9183	0
9184	1
9185	1
9186	0
9187	1
9188	1
9189	0
9190	703
9191	1
9192	703
9193	1
9194	0
9195	0
9196	1
9197	0
9198	0
9199	1
9200	632
9201	0
9202	0
9203	0
9204	0
9205	21
9206	1
9207	1
9208	0
9209	1
9210	0
9211	703
9212	1
9213	0
9214	0
9215	1
9216	229
9217	2
9218	0
9219	703
9220	1
9221	0
9222	1
9223	0
9224	0
9225	0
9226	1
9227	2
9228	1
9229	0
9230	0
9231	1
9232	703
9233	1
9234	0
9235	0
9236	0
9237	703
9238	0
9239	1
9240	0
9241	0
9242	0
9243	1
9244	0
9245	1
9246	0
9247	703
9248	683
9249	1
9250	0
9251	0
9252	0
9253	0
9254	1
9255	1
9256	0
9257	0
9258	0
9259	2
9260	1
9261	0
9262	0
9263	1
9264	1
9265	0
9266	1
9267	1
9268	1
9269	1
9270	14
9271	0
9272	1
9273	0
9274	0
9275	3
9276	1
9277	1
9278	0
9279	1
9280	0
9281	1
9282	1
9283	1
9284	1
9285	1
9286	0
9287	1
9288	0
9289	0
9290	695
9291	0
9292	0
9293	13
9294	0
9295	1
9296	1
9297	703
9298	0
9299	703
9300	1
9301	0
9302	1
9303	1
9304	12
9305	1
9306	1
9307	0
9308	1
9309	0
9310	2
9311	0
9312	1
9313	0
9314	0
9315	1
9316	1
9317	0
9318	2
9319	0
9320	0
9321	0
9322	0
9323	0
9324	1
9325	1
9326	2
9327	1
9328	10
9329	0
9330	0
9331	84
9332	15
9333	0
9334	18
9335	7
9336	0
9337	0
9338	1
9339	0
9340	9
9341	1
9342	1
9343	0
9344	0
9345	0
9346	0
9347	1
9348	2
9349	1
9350	0
9351	0
9352	0
9353	1
9354	1
9355	703
9356	0
9357	0
9358	0
9359	0
9360	0
9361	0
9362	1
9363	0
9364	1
9365	21
9366	0
9367	703
9368	0
9369	0
9370	1
9371	0
9372	0
9373	0
9374	0
9375	1
9376	0
9377	1
9378	0
9379	0
9380	0
9381	0
9382	1
9383	0
9384	1
9385	0
9386	1
9387	1
9388	1
9389	703
9390	703
9391	0
9392	1
9393	0
9394	0
9395	0
9396	1
9397	1
9398	0
9399	16
9400	0
9401	0
9402	4
9403	0
9404	1
9405	13
9406	0
9407	0
9408	1
9409	0
9410	0
9411	0
9412	120
9413	703
9414	1
9415	1
9416	1
9417	0
9418	0
9419	0
9420	0
9421	6
9422	1
9423	0
9424	0
9425	1
9426	1
9427	1
9428	0
9429	0
9430	0
9431	2
9432	703
9433	0
9434	0
9435	0
9436	0
9437	703
9438	1
9439	1
9440	1
9441	1
9442	1
9443	0
9444	1
9445	1
9446	0
9447	1
9448	0
9449	0
9450	0
9451	703
9452	2
9453	0
9454	0
9455	0
9456	0
9457	1
9458	231
9459	1
9460	1
9461	1
9462	0
9463	0
9464	0
9465	0
9466	0
9467	0
9468	1
9469	0
9470	0
9471	0
9472	0
9473	1
9474	0
9475	0
9476	1
9477	0
9478	0
9479	703
9480	1
9481	19
9482	0
9483	703
9484	0
9485	0
9486	1
9487	0
9488	1
9489	1
9490	0
9491	0
9492	0
9493	0
9494	0
9495	0
9496	1
9497	1
9498	4
9499	1
9500	0
9501	1
9502	0
9503	0
9504	703
9505	1
9506	1
9507	0
9508	1
9509	0
9510	0
9511	1
9512	1
9513	0
9514	0
9515	1
9516	0
9517	0
9518	1
9519	0
9520	0
9521	1
9522	1
9523	0
9524	0
9525	0
9526	0
9527	0
9528	0
9529	0
9530	0
9531	1
9532	0
9533	0
9534	1
9535	0
9536	0
9537	0
9538	166
9539	0
9540	0
9541	0
9542	0
9543	1
9544	1
9545	0
9546	4
9547	0
9548	0
9549	703
9550	0
9551	1
9552	1
9553	0
9554	1
9555	0
9556	0
9557	0
9558	12
9559	0
9560	1
9561	1
9562	703
9563	0
9564	1
9565	1
9566	1
9567	22
9568	0
9569	0
9570	703
9571	1
9572	1
9573	703
9574	0
9575	0
9576	1
9577	0
9578	20
9579	0
9580	13
9581	0
9582	0
9583	0
9584	0
9585	0
9586	0
9587	0
9588	1
9589	703
9590	0
9591	0
9592	0
9593	0
9594	0
9595	1
9596	703
9597	88
9598	0
9599	1
9600	1
9601	1
9602	1
9603	1
9604	0
9605	1
9606	0
9607	1
9608	10
9609	0
9610	0
9611	22
9612	1
9613	0
9614	21
9615	1
9616	1
9617	0
9618	703
9619	0
9620	0
9621	0
9622	0
9623	0
9624	703
9625	1
9626	0
9627	0
9628	1
9629	0
9630	1
9631	1
9632	0
9633	0
9634	0
9635	0
9636	0
9637	703
9638	0
9639	0
9640	1
9641	0
9642	703
9643	2
9644	1
9645	0
9646	0
9647	0
9648	703
9649	703
9650	0
9651	1
9652	0
9653	703
9654	0
9655	0
9656	0
9657	703
9658	0
9659	0
9660	0
9661	1
9662	0
9663	1
9664	1
9665	0
9666	0
9667	85
9668	703
9669	166
9670	703
9671	0
9672	0
9673	1
9674	0
9675	0
9676	22
9677	1
9678	11
9679	0
9680	1
9681	0
9682	0
9683	0
9684	1
9685	0
9686	11
9687	1
9688	0
9689	1
9690	0
9691	0
9692	632
9693	1
9694	1
9695	703
9696	27
9697	0
9698	0
9699	2
9700	22
9701	0
9702	0
9703	0
9704	0
9705	0
9706	1
9707	0
9708	0
9709	0
9710	0
9711	0
9712	1
9713	1
9714	0
9715	1
9716	16
9717	0
9718	0
9719	1
9720	0
9721	675
9722	0
9723	1
9724	0
9725	0
9726	703
9727	0
9728	1
9729	0
9730	1
9731	0
9732	0
9733	0
9734	18
9735	1
9736	0
9737	299
9738	1
9739	0
9740	1
9741	0
9742	0
9743	0
9744	0
9745	0
9746	1
9747	0
9748	0
9749	0
9750	109
9751	703
9752	0
9753	1
9754	0
9755	1
9756	0
9757	0
9758	1
9759	0
9760	0
9761	1
9762	703
9763	0
9764	0
9765	0
9766	0
9767	0
9768	1
9769	0
9770	0
9771	703
9772	0
9773	1
9774	1
9775	0
9776	1
9777	19
9778	0
9779	1
9780	577
9781	0
9782	1
9783	0
9784	0
9785	1
9786	202
9787	0
9788	1
9789	0
9790	703
9791	703
9792	196
9793	0
9794	0
9795	0
9796	0
9797	0
9798	0
9799	0
9800	1
9801	703
9802	0
9803	0
9804	1
9805	1
9806	0
9807	2
9808	0
9809	1
9810	0
9811	703
9812	0
9813	1
9814	0
9815	20
9816	0
9817	0
9818	0
9819	1
9820	1
9821	0
9822	0
9823	0
9824	1
9825	0
9826	1
9827	0
9828	1
9829	0
9830	0
9831	1
9832	0
9833	0
9834	1
9835	1
9836	0
9837	703
9838	1
9839	0
9840	703
9841	599
9842	0
9843	1
9844	0
9845	0
9846	1
9847	0
9848	1
9849	1
9850	0
9851	1
9852	0
9853	703
9854	0
9855	0
9856	703
9857	0
9858	703
9859	0
9860	0
9861	27
9862	599
9863	0
9864	0
9865	0
9866	0
9867	1
9868	0
9869	1
9870	2
9871	703
9872	0
9873	0
9874	22
9875	0
9876	124
9877	0
9878	0
9879	0
9880	0
9881	468
9882	0
9883	1
9884	0
9885	0
9886	161
9887	0
9888	1
9889	0
9890	0
9891	0
9892	1
9893	703
9894	0
9895	1
9896	0
9897	1
9898	1
9899	2
9900	0
9901	1
9902	0
9903	1
9904	0
9905	0
9906	1
9907	1
9908	1
9909	0
9910	0
9911	1
9912	1
9913	0
9914	0
9915	0
9916	1
9917	60
9918	1
9919	1
9920	0
9921	1
9922	703
9923	0
9924	1
9925	0
9926	8
9927	0
9928	0
9929	1
9930	0
9931	0
9932	0
9933	0
9934	689
9935	0
9936	0
9937	1
9938	8
9939	1
9940	0
9941	0
9942	0
9943	1
9944	0
9945	0
9946	1
9947	1
9948	21
9949	0
9950	0
9951	1
9952	0
9953	0
9954	1
9955	1
9956	1
9957	1
9958	703
9959	140
9960	0
9961	0
9962	2
9963	1
9964	1
9965	0
9966	1
9967	0
9968	0
9969	19
9970	1
9971	0
9972	0
9973	0
9974	22
9975	1
9976	0
9977	0
9978	0
9979	1
9980	1
9981	3
9982	1
9983	1
9984	1
9985	0
9986	0
9987	1
9988	0
9989	0
9990	0
9991	0
9992	703
9993	0
9994	0
9995	0
9996	0
9997	1
9998	1
9999	5
10000	0
10001	0
10002	5
10003	0
10004	0
10005	0
10006	1
10007	703
10008	1
10009	0
10010	4
10011	1
10012	0
10013	0
10014	0
10015	0
10016	0
10017	0
10018	1
10019	1
10020	0
10021	1
10022	0
10023	1
10024	0
10025	0
10026	1
10027	1
10028	2
10029	0
10030	1
10031	0
10032	1
10033	0
10034	0
10035	1
10036	10
10037	1
10038	0
10039	0
10040	0
10041	0
10042	1
10043	0
10044	0
10045	0
10046	20
10047	0
10048	0
10049	1
10050	0
10051	1
10052	0
10053	0
10054	0
10055	0
10056	0
10057	0
10058	703
10059	703
10060	1
10061	703
10062	0
10063	0
10064	1
10065	1
10066	1
10067	0
10068	7
10069	1
10070	1
10071	0
10072	6
10073	0
10074	703
10075	0
10076	703
10077	703
10078	0
10079	0
10080	0
10081	0
10082	17
10083	0
10084	0
10085	0
10086	0
10087	1
10088	0
10089	0
10090	0
10091	1
10092	1
10093	0
10094	0
10095	0
10096	0
10097	703
10098	1
10099	0
10100	0
10101	0
10102	0
10103	1
10104	3
10105	0
10106	703
10107	703
10108	0
10109	0
10110	0
10111	0
10112	0
10113	13
10114	0
10115	0
10116	0
10117	0
10118	0
10119	0
10120	1
10121	0
10122	1
10123	27
10124	0
10125	0
10126	0
10127	1
10128	0
10129	0
10130	1
10131	0
10132	703
10133	0
10134	1
10135	703
10136	0
10137	0
10138	9
10139	0
10140	0
10141	0
10142	1
10143	0
10144	2
10145	0
10146	0
10147	1
10148	1
10149	1
10150	0
10151	703
10152	0
10153	1
10154	1
10155	703
10156	1
10157	1
10158	0
10159	698
10160	0
10161	0
10162	0
10163	1
10164	0
10165	0
10166	0
10167	0
10168	1
10169	0
10170	0
10171	0
10172	7
10173	0
10174	0
10175	0
10176	0
10177	703
10178	0
10179	1
10180	1
10181	1
10182	1
10183	1
10184	0
10185	1
10186	1
10187	1
10188	1
10189	0
10190	0
10191	0
10192	1
10193	1
10194	352
10195	1
10196	703
10197	1
10198	0
10199	1
10200	0
10201	0
10202	0
10203	0
10204	0
10205	1
10206	0
10207	0
10208	0
10209	4
10210	0
10211	1
10212	1
10213	0
10214	1
10215	1
10216	0
10217	10
10218	0
10219	0
10220	0
10221	0
10222	10
10223	0
10224	403
10225	1
10226	2
10227	1
10228	1
10229	0
10230	1
10231	2
10232	1
10233	703
10234	0
10235	0
10236	0
10237	0
10238	1
10239	10
10240	1
10241	0
10242	1
10243	0
10244	0
10245	0
10246	0
10247	703
10248	1
10249	0
10250	0
10251	243
10252	0
10253	0
10254	0
10255	1
10256	0
10257	1
10258	0
10259	1
10260	11
10261	703
10262	0
10263	1
10264	697
10265	0
10266	1
10267	1
10268	0
10269	0
10270	0
10271	689
10272	653
10273	1
10274	1
10275	703
10276	0
10277	2
10278	0
10279	1
10280	0
10281	0
10282	0
10283	1
10284	1
10285	0
10286	0
10287	0
10288	0
10289	0
10290	0
10291	1
10292	0
10293	20
10294	1
10295	703
10296	0
10297	0
10298	0
10299	1
10300	0
10301	0
10302	1
10303	0
10304	1
10305	0
10306	2
10307	1
10308	0
10309	1
10310	0
10311	0
10312	0
10313	0
10314	0
10315	703
10316	0
10317	0
10318	0
10319	2
10320	0
10321	0
10322	0
10323	0
10324	0
10325	0
10326	1
10327	0
10328	0
10329	0
10330	1
10331	0
10332	0
10333	0
10334	0
10335	1
10336	703
10337	0
10338	0
10339	0
10340	0
10341	0
10342	1
10343	0
10344	1
10345	0
10346	0
10347	0
10348	0
10349	0
10350	0
10351	1
10352	11
10353	1
10354	1
10355	1
10356	0
10357	1
10358	0
10359	1
10360	1
10361	703
10362	2
10363	1
10364	703
10365	0
10366	1
10367	1
10368	1
10369	0
10370	0
10371	18
10372	0
10373	10
10374	0
10375	1
10376	0
10377	18
10378	0
10379	11
10380	0
10381	1
10382	10
10383	18
10384	1
10385	0
10386	0
10387	0
10388	1
10389	0
10390	1
10391	1
10392	2
10393	1
10394	0
10395	0
10396	0
10397	1
10398	0
10399	1
10400	0
10401	0
10402	703
10403	0
10404	0
10405	1
10406	0
10407	0
10408	1
10409	0
10410	0
10411	1
10412	0
10413	0
10414	0
10415	0
10416	0
10417	2
10418	0
10419	0
10420	0
10421	0
10422	0
10423	1
10424	1
10425	1
10426	10
10427	1
10428	703
10429	18
10430	1
10431	0
10432	0
10433	1
10434	1
10435	0
10436	0
10437	0
10438	0
10439	703
10440	0
10441	1
10442	0
10443	0
10444	0
10445	703
10446	2
10447	16
10448	0
10449	0
10450	0
10451	692
10452	0
10453	0
10454	1
10455	0
10456	0
10457	0
10458	0
10459	1
10460	0
10461	5
10462	0
10463	1
10464	1
10465	0
10466	0
10467	0
10468	0
10469	0
10470	0
10471	22
10472	0
10473	2
10474	0
10475	0
10476	18
10477	0
10478	10
10479	0
10480	0
10481	10
10482	1
10483	1
10484	0
10485	1
10486	1
10487	1
10488	703
10489	0
10490	1
10491	2
10492	703
10493	0
10494	1
10495	0
10496	0
10497	0
10498	13
10499	0
10500	15
10501	703
10502	0
10503	0
10504	1
10505	0
10506	1
10507	0
10508	0
10509	703
10510	703
10511	3
10512	1
10513	1
10514	0
10515	6
10516	1
10517	0
10518	0
10519	0
10520	703
10521	0
10522	0
10523	2
10524	0
10525	0
10526	1
10527	0
10528	703
10529	0
10530	0
10531	0
10532	5
10533	0
10534	0
10535	0
10536	1
10537	695
10538	0
10539	1
10540	0
10541	1
10542	0
10543	0
10544	1
10545	0
10546	0
10547	1
10548	1
10549	0
10550	0
10551	0
10552	0
10553	0
10554	0
10555	1
10556	0
10557	0
10558	0
10559	1
10560	0
10561	0
10562	0
10563	0
10564	1
10565	0
10566	0
10567	2
10568	1
10569	1
10570	11
10571	0
10572	703
10573	12
10574	0
10575	18
10576	703
10577	0
10578	0
10579	0
10580	703
10581	1
10582	0
10583	703
10584	0
10585	0
10586	0
10587	0
10588	0
10589	703
10590	0
10591	0
10592	0
10593	0
10594	0
10595	0
10596	1
10597	0
10598	0
10599	1
10600	0
10601	1
10602	0
10603	0
10604	18
10605	15
10606	0
10607	1
10608	0
10609	0
10610	0
10611	703
10612	0
10613	8
10614	0
10615	1
10616	0
10617	0
10618	0
10619	1
10620	1
10621	703
10622	0
10623	196
10624	0
10625	1
10626	0
10627	683
10628	1
10629	0
10630	1
10631	0
10632	0
10633	18
10634	0
10635	20
10636	2
10637	1
10638	703
10639	0
10640	21
10641	1
10642	0
10643	11
10644	0
10645	1
10646	0
10647	1
10648	0
10649	0
10650	0
10651	0
10652	0
10653	1
10654	0
10655	1
10656	0
10657	0
10658	0
10659	7
10660	20
10661	0
10662	0
10663	3
10664	179
10665	0
10666	0
10667	0
10668	0
10669	0
10670	5
10671	1
10672	1
10673	0
10674	1
10675	0
10676	1
10677	703
10678	0
10679	0
10680	2
10681	1
10682	1
10683	3
10684	1
10685	1
10686	0
10687	12
10688	1
10689	0
10690	0
10691	22
10692	13
10693	0
10694	1
10695	703
10696	1
10697	703
10698	1
10699	0
10700	0
10701	1
10702	0
10703	0
10704	202
10705	0
10706	0
10707	1
10708	0
10709	0
10710	9
10711	0
10712	1
10713	0
10714	1
10715	0
10716	1
10717	0
10718	1
10719	0
10720	1
10721	5
10722	1
10723	0
10724	0
10725	0
10726	0
10727	1
10728	0
10729	0
10730	1
10731	0
10732	1
10733	0
10734	0
10735	0
10736	1
10737	0
10738	1
10739	1
10740	0
10741	0
10742	0
10743	18
10744	3
10745	2
10746	0
10747	0
10748	0
10749	0
10750	0
10751	1
10752	141
10753	0
10754	0
10755	20
10756	0
10757	0
10758	0
10759	439
10760	0
10761	1
10762	19
10763	0
10764	0
10765	0
10766	0
10767	1
10768	1
10769	0
10770	1
10771	5
10772	0
10773	0
10774	1
10775	0
10776	0
10777	0
10778	0
10779	1
10780	0
10781	0
10782	0
10783	1
10784	0
10785	0
10786	0
10787	0
10788	0
10789	1
10790	1
10791	0
10792	0
10793	1
10794	0
10795	0
10796	0
10797	1
10798	0
10799	1
10800	0
10801	0
10802	695
10803	0
10804	0
10805	0
10806	703
10807	0
10808	1
10809	0
10810	3
10811	1
10812	0
10813	1
10814	0
10815	0
10816	0
10817	0
10818	0
10819	0
10820	703
10821	0
10822	0
10823	703
10824	703
10825	1
10826	0
10827	1
10828	1
10829	21
10830	0
10831	1
10832	0
10833	0
10834	1
10835	0
10836	1
10837	0
10838	1
10839	1
10840	0
10841	1
10842	1
10843	1
10844	5
10845	1
10846	1
10847	0
10848	0
10849	1
10850	0
10851	1
10852	0
10853	0
10854	0
10855	1
10856	0
10857	22
10858	703
10859	0
10860	0
10861	0
10862	0
10863	1
10864	0
10865	0
10866	1
10867	0
10868	0
10869	1
10870	1
10871	0
10872	0
10873	0
10874	1
10875	1
10876	1
10877	0
10878	1
10879	0
10880	1
10881	0
10882	0
10883	0
10884	703
10885	1
10886	0
10887	7
10888	0
10889	0
10890	0
10891	0
10892	0
10893	0
10894	1
10895	6
10896	0
10897	21
10898	0
10899	1
10900	0
10901	1
10902	0
10903	8
10904	0
10905	703
10906	0
10907	0
10908	0
10909	1
10910	1
10911	0
10912	0
10913	0
10914	1
10915	0
10916	0
10917	0
10918	0
10919	0
10920	11
10921	0
10922	0
10923	7
10924	0
10925	0
10926	0
10927	0
10928	0
10929	0
10930	0
10931	0
10932	0
10933	0
10934	0
10935	3
10936	0
10937	0
10938	0
10939	0
10940	1
10941	0
10942	0
10943	1
10944	1
10945	0
10946	1
10947	0
10948	703
10949	0
10950	0
10951	1
10952	0
10953	0
10954	0
10955	0
10956	0
10957	1
10958	0
10959	1
10960	0
10961	703
10962	0
10963	0
10964	0
10965	703
10966	2
10967	0
10968	701
10969	0
10970	1
10971	1
10972	0
10973	0
10974	1
10975	703
10976	0
10977	1
10978	0
10979	12
10980	13
10981	0
10982	0
10983	703
10984	0
10985	0
10986	1
10987	1
10988	0
10989	0
10990	0
10991	0
10992	1
10993	1
10994	1
10995	1
10996	3
10997	0
10998	22
10999	1
11000	13
11001	0
11002	2
11003	0
11004	0
11005	1
11006	0
11007	0
11008	98
11009	0
11010	703
11011	1
11012	19
11013	0
11014	0
11015	1
11016	1
11017	1
11018	0
11019	1
11020	1
11021	1
11022	1
11023	0
11024	1
11025	0
11026	0
11027	1
11028	0
11029	156
11030	0
11031	5
11032	0
11033	18
11034	1
11035	0
11036	1
11037	702
11038	1
11039	0
11040	0
11041	0
11042	1
11043	0
11044	1
11045	0
11046	0
11047	0
11048	0
11049	1
11050	1
11051	0
11052	0
11053	703
11054	0
11055	0
11056	0
11057	0
11058	0
11059	0
11060	1
11061	0
11062	0
11063	1
11064	0
11065	0
11066	0
11067	1
11068	1
11069	1
11070	0
11071	0
11072	1
11073	703
11074	1
11075	0
11076	0
11077	1
11078	0
11079	0
11080	0
11081	22
11082	1
11083	1
11084	0
11085	0
11086	0
11087	0
11088	0
11089	0
11090	2
11091	1
11092	1
11093	0
11094	0
11095	0
11096	0
11097	703
11098	1
11099	2
11100	703
11101	703
11102	1
11103	1
11104	1
11105	0
11106	0
11107	0
11108	0
11109	0
11110	0
11111	0
11112	1
11113	0
11114	0
11115	1
11116	0
11117	0
11118	0
11119	1
11120	1
11121	1
11122	0
11123	0
11124	0
11125	0
11126	1
11127	0
11128	0
11129	0
11130	0
11131	703
11132	0
11133	1
11134	1
11135	1
11136	1
11137	0
11138	1
11139	1
11140	0
11141	703
11142	1
11143	0
11144	1
11145	1
11146	0
11147	703
11148	0
11149	1
11150	1
11151	0
11152	1
11153	1
11154	0
11155	0
11156	12
11157	703
11158	703
11159	1
11160	181
11161	2
11162	0
11163	0
11164	0
11165	286
11166	0
11167	0
11168	0
11169	0
11170	0
11171	1
11172	1
11173	0
11174	1
11175	0
11176	1
11177	18
11178	1
11179	1
11180	18
11181	0
11182	1
11183	0
11184	0
11185	1
11186	703
11187	1
11188	1
11189	0
11190	260
11191	1
11192	0
11193	1
11194	1
11195	1
11196	1
11197	1
11198	703
11199	0
11200	703
11201	0
11202	0
11203	0
11204	1
11205	0
11206	1
11207	0
11208	0
11209	1
11210	1
11211	0
11212	1
11213	0
11214	1
11215	1
11216	0
11217	0
11218	1
11219	1
11220	703
11221	0
11222	703
11223	0
11224	0
11225	0
11226	0
11227	0
11228	0
11229	0
11230	0
11231	0
11232	1
11233	1
11234	0
11235	0
11236	0
11237	0
11238	703
11239	1
11240	703
11241	0
11242	0
11243	0
11244	1
11245	0
11246	0
11247	0
11248	639
11249	678
11250	703
11251	0
11252	0
11253	1
11254	1
11255	0
11256	4
11257	0
11258	1
11259	0
11260	0
11261	0
11262	1
11263	0
11264	0
11265	0
11266	1
11267	1
11268	0
11269	1
11270	0
11271	1
11272	0
11273	0
11274	0
11275	14
11276	0
11277	0
11278	1
11279	0
11280	0
11281	1
11282	701
11283	0
11284	0
11285	0
11286	0
11287	1
11288	1
11289	1
11290	0
11291	1
11292	1
11293	0
11294	0
11295	0
11296	9
11297	1
11298	0
11299	0
11300	1
11301	0
11302	0
11303	703
11304	1
11305	0
11306	1
11307	1
11308	1
11309	0
11310	1
11311	21
11312	1
11313	0
11314	0
11315	0
11316	1
11317	0
11318	0
11319	179
11320	0
11321	1
11322	0
11323	0
11324	1
11325	1
11326	0
11327	0
11328	0
11329	1
11330	11
11331	1
11332	0
11333	0
11334	2
11335	1
11336	0
11337	1
11338	703
11339	703
11340	106
11341	703
11342	0
11343	1
11344	178
11345	0
11346	1
11347	0
11348	1
11349	0
11350	0
11351	703
11352	0
11353	0
11354	18
11355	0
11356	0
11357	0
11358	0
11359	8
11360	1
11361	1
11362	1
11363	2
11364	0
11365	1
11366	0
11367	0
11368	0
11369	703
11370	1
11371	0
11372	197
11373	1
11374	0
11375	0
11376	0
11377	0
11378	1
11379	11
11380	0
11381	0
11382	0
11383	2
11384	1
11385	1
11386	1
11387	0
11388	1
11389	0
11390	0
11391	0
11392	0
11393	1
11394	21
11395	0
11396	0
11397	0
11398	0
11399	703
11400	0
11401	0
11402	0
11403	0
11404	0
11405	0
11406	0
11407	0
11408	1
11409	0
11410	0
11411	1
11412	1
11413	0
11414	1
11415	16
11416	703
11417	0
11418	1
11419	1
11420	0
11421	10
11422	703
11423	1
11424	1
11425	2
11426	0
11427	703
11428	22
11429	260
11430	1
11431	0
11432	0
11433	0
11434	0
11435	1
11436	1
11437	1
11438	0
11439	0
11440	1
11441	0
11442	0
11443	0
11444	1
11445	1
11446	1
11447	1
11448	0
11449	0
11450	1
11451	0
11452	703
11453	1
11454	0
11455	1
11456	0
11457	1
11458	1
11459	1
11460	0
11461	19
11462	1
11463	1
11464	0
11465	0
11466	1
11467	703
11468	0
11469	1
11470	1
11471	0
11472	0
11473	0
11474	0
11475	0
11476	0
11477	0
11478	0
11479	0
11480	0
11481	0
11482	0
11483	0
11484	0
11485	2
11486	0
11487	0
11488	0
11489	0
11490	0
11491	0
11492	0
11493	0
11494	0
11495	0
11496	0
11497	0
11498	0
11499	0
11500	1
11501	0
11502	0
11503	0
11504	1
11505	1
11506	1
11507	0
11508	0
11509	1
11510	5
11511	1
11512	1
11513	0
11514	0
11515	0
11516	18
11517	0
11518	0
11519	0
11520	0
11521	0
11522	1
11523	0
11524	0
11525	1
11526	2
11527	0
11528	27
11529	1
11530	0
11531	703
11532	0
11533	0
11534	0
11535	0
11536	11
11537	1
11538	1
11539	0
11540	0
11541	0
11542	1
11543	1
11544	1
11545	0
11546	1
11547	0
11548	1
11549	0
11550	0
11551	688
11552	0
11553	1
11554	1
11555	0
11556	0
11557	0
11558	703
11559	1
11560	0
11561	0
11562	703
11563	1
11564	0
11565	0
11566	0
11567	0
11568	0
11569	0
11570	0
11571	1
11572	0
11573	0
11574	0
11575	0
11576	0
11577	1
11578	6
11579	703
11580	4
11581	703
11582	703
11583	703
11584	0
11585	0
11586	1
11587	14
11588	0
11589	0
11590	0
11591	1
11592	1
11593	11
11594	0
11595	2
11596	14
11597	0
11598	0
11599	0
11600	1
11601	1
11602	1
11603	2
11604	0
11605	11
11606	0
11607	0
11608	0
11609	0
11610	0
11611	0
11612	2
11613	0
11614	2
11615	0
11616	1
11617	1
11618	0
11619	0
11620	0
11621	0
11622	1
11623	0
11624	0
11625	0
11626	20
11627	1
11628	1
11629	0
11630	678
11631	0
11632	2
11633	1
11634	0
11635	0
11636	1
11637	703
11638	0
11639	0
11640	0
11641	1
11642	1
11643	0
11644	27
11645	0
11646	0
11647	0
11648	1
11649	1
11650	1
11651	1
11652	1
11653	0
11654	0
11655	1
11656	1
11657	1
11658	0
11659	0
11660	0
11661	1
11662	0
11663	1
11664	703
11665	132
11666	0
11667	1
11668	0
11669	0
11670	1
11671	1
11672	0
11673	1
11674	1
11675	1
11676	1
11677	1
11678	1
11679	0
11680	0
11681	0
11682	0
11683	0
11684	1
11685	0
11686	0
11687	0
11688	0
11689	0
11690	0
11691	6
11692	0
11693	0
11694	1
11695	0
11696	0
11697	0
11698	0
11699	0
11700	18
11701	1
11702	1
11703	1
11704	0
11705	0
11706	1
11707	0
11708	0
11709	0
11710	0
11711	0
11712	1
11713	2
11714	8
11715	0
11716	0
11717	1
11718	1
11719	0
11720	0
11721	9
11722	0
11723	0
11724	0
11725	1
11726	1
11727	0
11728	0
11729	0
11730	0
11731	0
11732	1
11733	2
11734	703
11735	0
11736	703
11737	0
11738	0
11739	1
11740	0
11741	1
11742	703
11743	2
11744	0
11745	11
11746	0
11747	0
11748	1
11749	0
11750	0
11751	0
11752	0
11753	1
11754	0
11755	20
11756	0
11757	14
11758	1
11759	0
11760	0
11761	0
11762	1
11763	1
11764	4
11765	1
11766	1
11767	0
11768	0
11769	1
11770	0
11771	1
11772	0
11773	1
11774	0
11775	0
11776	2
11777	703
11778	703
11779	703
11780	0
11781	1
11782	0
11783	0
11784	0
11785	0
11786	0
11787	0
11788	0
11789	0
11790	2
11791	0
11792	1
11793	0
11794	2
11795	18
11796	1
11797	1
11798	0
11799	1
11800	0
11801	0
11802	1
11803	0
11804	2
11805	0
11806	0
11807	8
11808	703
11809	4
11810	703
11811	1
11812	0
11813	0
11814	703
11815	0
11816	0
11817	1
11818	4
11819	0
11820	1
11821	0
11822	0
11823	0
11824	17
11825	366
11826	0
11827	11
11828	1
11829	18
11830	0
11831	0
11832	0
11833	0
11834	0
11835	0
11836	0
11837	0
11838	0
11839	1
11840	0
11841	1
11842	1
11843	0
11844	1
11845	0
11846	1
11847	0
11848	1
11849	0
11850	0
11851	1
11852	0
11853	1
11854	0
11855	1
11856	1
11857	0
11858	703
11859	10
11860	0
11861	0
11862	0
11863	703
11864	0
11865	1
11866	0
11867	0
11868	0
11869	1
11870	1
11871	1
11872	1
11873	0
11874	21
11875	703
11876	0
11877	1
11878	1
11879	0
11880	0
11881	0
11882	703
11883	1
11884	0
11885	1
11886	1
11887	0
11888	0
11889	8
11890	0
11891	0
11892	0
11893	0
11894	0
11895	1
11896	0
11897	0
11898	0
11899	0
11900	703
11901	703
11902	703
11903	1
11904	1
11905	20
11906	0
11907	1
11908	20
11909	1
11910	0
11911	0
11912	0
11913	0
11914	0
11915	1
11916	20
11917	0
11918	3
11919	1
11920	0
11921	0
11922	0
11923	1
11924	1
11925	0
11926	13
11927	0
11928	1
11929	0
11930	0
11931	0
11932	0
11933	1
11934	0
11935	1
11936	1
11937	1
11938	0
11939	503
11940	0
11941	1
11942	577
11943	0
11944	0
11945	3
11946	0
11947	18
11948	0
11949	1
11950	0
11951	1
11952	0
11953	0
11954	0
11955	1
11956	1
11957	1
11958	0
11959	1
11960	0
11961	0
11962	703
11963	659
11964	0
11965	703
11966	1
11967	0
11968	0
11969	0
11970	0
11971	0
11972	0
11973	0
11974	0
11975	117
11976	1
11977	0
11978	0
11979	0
11980	0
11981	0
11982	0
11983	0
11984	0
11985	1
11986	0
11987	1
11988	0
11989	0
11990	0
11991	0
11992	0
11993	1
11994	11
11995	1
11996	1
11997	1
11998	1
11999	1
12000	0
12001	1
12002	0
12003	0
12004	1
12005	1
12006	1
12007	0
12008	703
12009	1
12010	0
12011	0
12012	0
12013	1
12014	0
12015	0
12016	0
12017	0
12018	0
12019	1
12020	1
12021	21
12022	0
12023	0
12024	0
12025	0
12026	3
12027	0
12028	0
12029	2
12030	0
12031	0
12032	1
12033	0
12034	1
12035	0
12036	0
12037	1
12038	1
12039	0
12040	1
12041	0
12042	0
12043	1
12044	0
12045	703
12046	703
12047	1
12048	703
12049	703
12050	703
12051	0
12052	0
12053	0
12054	0
12055	0
12056	1
12057	0
12058	0
12059	0
12060	1
12061	0
12062	89
12063	22
12064	1
12065	0
12066	1
12067	0
12068	1
12069	1
12070	1
12071	703
12072	1
12073	11
12074	17
12075	1
12076	0
12077	1
12078	1
12079	701
12080	1
12081	0
12082	703
12083	0
12084	0
12085	1
12086	1
12087	0
12088	0
12089	0
12090	0
12091	0
12092	0
12093	568
12094	0
12095	0
12096	1
12097	0
12098	1
12099	1
12100	0
12101	210
12102	6
12103	1
12104	0
12105	0
12106	5
12107	0
12108	0
12109	703
12110	0
12111	0
12112	0
12113	0
12114	1
12115	703
12116	19
12117	0
12118	0
12119	1
12120	1
12121	0
12122	0
12123	11
12124	1
12125	1
12126	1
12127	9
12128	3
12129	0
12130	0
12131	0
12132	3
12133	703
12134	0
12135	0
12136	0
12137	8
12138	0
12139	0
12140	703
12141	0
12142	0
12143	0
12144	5
12145	0
12146	0
12147	0
12148	1
12149	13
12150	0
12151	0
12152	0
12153	0
12154	1
12155	1
12156	1
12157	21
12158	1
12159	703
12160	0
12161	0
12162	1
12163	0
12164	0
12165	0
12166	0
12167	1
12168	2
12169	1
12170	0
12171	0
12172	1
12173	703
12174	0
12175	0
12176	0
12177	1
12178	4
12179	0
12180	0
12181	1
12182	8
12183	0
12184	0
12185	703
12186	0
12187	19
12188	0
12189	0
12190	0
12191	0
12192	0
12193	0
12194	0
12195	0
12196	1
12197	0
12198	0
12199	1
12200	0
12201	0
12202	0
12203	1
12204	0
12205	0
12206	1
12207	0
12208	0
12209	0
12210	5
12211	0
12212	0
12213	0
12214	0
12215	1
12216	1
12217	1
12218	1
12219	403
12220	1
12221	0
12222	0
12223	0
12224	0
12225	0
12226	1
12227	0
12228	703
12229	1
12230	1
12231	14
12232	1
12233	1
12234	703
12235	0
12236	1
12237	0
12238	1
12239	0
12240	0
12241	0
12242	2
12243	1
12244	1
12245	0
12246	0
12247	0
12248	1
12249	0
12250	0
12251	1
12252	1
12253	0
12254	0
12255	703
12256	0
12257	0
12258	0
12259	1
12260	0
12261	1
12262	1
12263	1
12264	1
12265	0
12266	13
12267	0
12268	1
12269	1
12270	703
12271	0
12272	0
12273	1
12274	0
12275	1
12276	1
12277	703
12278	1
12279	0
12280	0
12281	0
12282	1
12283	0
12284	0
12285	20
12286	12
12287	0
12288	0
12289	1
12290	0
12291	1
12292	1
12293	0
12294	0
12295	695
12296	12
12297	0
12298	1
12299	0
12300	0
12301	0
12302	0
12303	26
12304	1
12305	0
12306	1
12307	1
12308	0
12309	1
12310	1
12311	1
12312	0
12313	1
12314	0
12315	0
12316	1
12317	0
12318	232
12319	1
12320	0
12321	0
12322	1
12323	1
12324	703
12325	0
12326	0
12327	0
12328	0
12329	1
12330	703
12331	0
12332	0
12333	0
12334	0
12335	1
12336	0
12337	0
12338	1
12339	3
12340	0
12341	1
12342	0
12343	1
12344	0
12345	0
12346	0
12347	1
12348	1
12349	1
12350	18
12351	0
12352	1
12353	1
12354	2
12355	0
12356	703
12357	0
12358	1
12359	1
12360	1
12361	0
12362	1
12363	0
12364	0
12365	0
12366	1
12367	2
12368	1
12369	1
12370	1
12371	1
12372	0
12373	0
12374	1
12375	1
12376	0
12377	1
12378	0
12379	2
12380	1
12381	2
12382	1
12383	0
12384	0
12385	0
12386	18
12387	1
12388	159
12389	1
12390	1
12391	1
12392	0
12393	0
12394	0
12395	0
12396	703
12397	2
12398	0
12399	1
12400	0
12401	1
12402	1
12403	1
12404	0
12405	0
12406	0
12407	1
12408	0
12409	0
12410	85
12411	0
12412	0
12413	0
12414	0
12415	0
12416	0
12417	0
12418	0
12419	0
12420	0
12421	0
12422	0
12423	0
12424	0
12425	0
12426	0
12427	1
12428	0
12429	0
12430	2
12431	703
12432	342
12433	0
12434	0
12435	0
12436	1
12437	1
12438	0
12439	1
12440	0
12441	0
12442	1
12443	1
12444	0
12445	1
12446	1
12447	703
12448	21
12449	0
12450	0
12451	1
12452	0
12453	0
12454	1
12455	1
12456	15
12457	362
12458	703
12459	0
12460	1
12461	1
12462	0
12463	0
12464	1
12465	703
12466	0
12467	0
12468	1
12469	0
12470	0
12471	0
12472	0
12473	0
12474	0
12475	1
12476	2
12477	0
12478	0
12479	0
12480	0
12481	9
12482	0
12483	703
12484	0
12485	0
12486	0
12487	0
12488	0
12489	0
12490	677
12491	2
12492	159
12493	0
12494	0
12495	0
12496	0
12497	1
12498	0
12499	0
12500	0
12501	0
12502	1
12503	703
12504	703
12505	0
12506	2
12507	1
12508	0
12509	0
12510	1
12511	0
12512	1
12513	0
12514	1
12515	0
12516	0
12517	1
12518	0
12519	0
12520	1
12521	0
12522	0
12523	0
12524	0
12525	658
12526	0
12527	697
12528	0
12529	0
12530	0
12531	0
12532	0
12533	0
12534	0
12535	0
12536	1
12537	0
12538	0
12539	0
12540	0
12541	0
12542	1
12543	0
12544	703
12545	0
12546	1
12547	0
12548	1
12549	1
12550	1
12551	1
12552	8
12553	0
12554	1
12555	1
12556	0
12557	1
12558	0
12559	1
12560	0
12561	0
12562	0
12563	1
12564	0
12565	1
12566	0
12567	1
12568	1
12569	0
12570	1
12571	10
12572	2
12573	1
12574	0
12575	1
12576	0
12577	16
12578	1
12579	0
12580	1
12581	0
12582	1
12583	1
12584	1
12585	1
12586	703
12587	0
12588	0
12589	0
12590	703
12591	0
12592	0
12593	12
12594	1
12595	1
12596	0
12597	0
12598	2
12599	0
12600	0
12601	0
12602	0
12603	0
12604	1
12605	1
12606	1
12607	0
12608	703
12609	8
12610	0
12611	0
12612	0
12613	0
12614	2
12615	0
12616	0
12617	1
12618	0
12619	0
12620	0
12621	0
12622	0
12623	0
12624	0
12625	0
12626	1
12627	20
12628	1
12629	1
12630	0
12631	0
12632	1
12633	1
12634	0
12635	0
12636	0
12637	0
12638	2
12639	2
12640	1
12641	703
12642	703
12643	0
12644	663
12645	703
12646	703
12647	703
12648	0
12649	703
12650	0
12651	0
12652	0
12653	0
12654	1
12655	7
12656	3
12657	1
12658	0
12659	1
12660	0
12661	1
12662	0
12663	2
12664	0
12665	0
12666	1
12667	0
12668	0
12669	1
12670	1
12671	1
12672	0
12673	0
12674	0
12675	0
12676	1
12677	0
12678	1
12679	0
12680	0
12681	1
12682	1
12683	10
12684	0
12685	0
12686	703
12687	703
12688	1
12689	703
12690	1
12691	1
12692	0
12693	0
12694	703
12695	0
12696	0
12697	0
12698	0
12699	0
12700	1
12701	0
12702	1
12703	0
12704	0
12705	703
12706	0
12707	1
12708	1
12709	703
12710	0
12711	703
12712	703
12713	0
12714	1
12715	1
12716	1
12717	1
12718	0
12719	0
12720	0
12721	1
12722	1
12723	0
12724	0
12725	0
12726	1
12727	0
12728	0
12729	1
12730	0
12731	1
12732	1
12733	0
12734	1
12735	1
12736	0
12737	0
12738	0
12739	0
12740	0
12741	0
12742	0
12743	0
12744	1
12745	0
12746	1
12747	0
12748	0
12749	1
12750	21
12751	7
12752	0
12753	703
12754	0
12755	0
12756	1
12757	703
12758	0
12759	0
12760	18
12761	0
12762	0
12763	1
12764	0
12765	0
12766	0
12767	0
12768	0
12769	0
12770	0
12771	1
12772	1
12773	0
12774	10
12775	0
12776	0
12777	1
12778	703
12779	13
12780	1
12781	2
12782	0
12783	0
12784	0
12785	1
12786	1
12787	1
12788	0
12789	0
12790	1
12791	0
12792	17
12793	0
12794	2
12795	1
12796	703
12797	0
12798	0
12799	0
12800	0
12801	1
12802	0
12803	0
12804	1
12805	1
12806	1
12807	703
12808	0
12809	0
12810	0
12811	1
12812	0
12813	0
12814	0
12815	0
12816	1
12817	1
12818	1
12819	21
12820	703
12821	0
12822	0
12823	21
12824	0
12825	0
12826	1
12827	0
12828	0
12829	0
12830	0
12831	0
12832	0
12833	0
12834	1
12835	1
12836	0
12837	2
12838	703
12839	0
12840	0
12841	0
12842	0
12843	1
12844	1
12845	1
12846	0
12847	0
12848	703
12849	0
12850	1
12851	703
12852	0
12853	0
12854	1
12855	703
12856	1
12857	0
12858	0
12859	1
12860	0
12861	703
12862	0
12863	0
12864	0
12865	1
12866	0
12867	0
12868	1
12869	0
12870	1
12871	1
12872	0
12873	703
12874	1
12875	0
12876	0
12877	1
12878	1
12879	0
12880	1
12881	0
12882	703
12883	1
12884	1
12885	703
12886	13
12887	0
12888	0
12889	22
12890	1
12891	1
12892	0
12893	0
12894	0
12895	0
12896	1
12897	1
12898	0
12899	0
12900	0
12901	1
12902	20
12903	0
12904	0
12905	0
12906	703
12907	1
12908	0
12909	0
12910	0
12911	0
12912	0
12913	1
12914	0
12915	20
12916	703
12917	0
12918	1
12919	0
12920	0
12921	0
12922	0
12923	0
12924	703
12925	0
12926	0
12927	1
12928	0
12929	22
12930	0
12931	0
12932	1
12933	0
12934	0
12935	0
12936	1
12937	1
12938	1
12939	0
12940	0
12941	0
12942	0
12943	0
12944	1
12945	698
12946	703
12947	0
12948	0
12949	0
12950	0
12951	2
12952	4
12953	0
12954	3
12955	0
12956	0
12957	3
12958	0
12959	6
12960	1
12961	0
12962	1
12963	0
12964	1
12965	0
12966	1
12967	0
12968	465
12969	1
12970	0
12971	0
12972	0
12973	703
12974	703
12975	195
12976	0
12977	0
12978	21
12979	0
12980	703
12981	0
12982	0
12983	0
12984	0
12985	703
12986	1
12987	1
12988	0
12989	0
12990	4
12991	1
12992	19
12993	1
12994	0
12995	1
12996	0
12997	21
12998	0
12999	1
13000	0
13001	0
13002	0
13003	0
13004	703
13005	0
13006	22
13007	0
13008	0
13009	0
13010	1
13011	1
13012	0
13013	1
13014	703
13015	242
13016	1
13017	1
13018	1
13019	1
13020	1
13021	0
13022	0
13023	0
13024	0
13025	0
13026	0
13027	1
13028	0
13029	11
13030	1
13031	1
13032	1
13033	1
13034	0
13035	0
13036	703
13037	3
13038	0
13039	27
13040	1
13041	1
13042	0
13043	0
13044	1
13045	0
13046	703
13047	357
13048	703
13049	703
13050	0
13051	703
13052	162
13053	0
13054	0
13055	1
13056	0
13057	0
13058	1
13059	0
13060	0
13061	0
13062	703
13063	0
13064	1
13065	0
13066	0
13067	1
13068	0
13069	12
13070	0
13071	1
13072	703
13073	0
13074	0
13075	703
13076	0
13077	0
13078	20
13079	1
13080	0
13081	0
13082	0
13083	0
13084	0
13085	0
13086	1
13087	0
13088	1
13089	0
13090	1
13091	0
13092	0
13093	1
13094	0
13095	0
13096	0
13097	0
13098	0
13099	0
13100	687
13101	0
13102	1
13103	0
13104	0
13105	1
13106	1
13107	0
13108	0
13109	0
13110	0
13111	703
13112	0
13113	20
13114	0
13115	1
13116	0
13117	0
13118	10
13119	0
13120	0
13121	6
13122	0
13123	1
13124	0
13125	0
13126	0
13127	11
13128	0
13129	0
13130	1
13131	0
13132	446
13133	1
13134	0
13135	0
13136	0
13137	0
13138	0
13139	0
13140	0
13141	0
13142	0
13143	0
13144	1
13145	1
13146	1
13147	0
13148	1
13149	0
13150	0
13151	0
13152	0
13153	0
13154	0
13155	200
13156	0
13157	0
13158	1
13159	0
13160	1
13161	0
13162	0
13163	0
13164	10
13165	0
13166	703
13167	0
13168	0
13169	0
13170	0
13171	1
13172	15
13173	1
13174	0
13175	0
13176	1
13177	9
13178	0
13179	703
13180	0
13181	1
13182	0
13183	0
13184	0
13185	0
13186	0
13187	703
13188	1
13189	0
13190	1
13191	0
13192	0
13193	0
13194	0
13195	1
13196	1
13197	0
13198	0
13199	0
13200	32
13201	703
13202	0
13203	0
13204	1
13205	1
13206	1
13207	0
13208	0
13209	0
13210	0
13211	0
13212	273
13213	0
13214	11
13215	8
13216	1
13217	1
13218	1
13219	1
13220	0
13221	0
13222	0
13223	0
13224	1
13225	0
13226	1
13227	703
13228	0
13229	0
13230	1
13231	3
13232	3
13233	0
13234	1
13235	0
13236	5
13237	0
13238	0
13239	0
13240	1
13241	1
13242	1
13243	1
13244	1
13245	1
13246	0
13247	0
13248	0
13249	16
13250	0
13251	703
13252	0
13253	1
13254	0
13255	0
13256	0
13257	0
13258	703
13259	65
13260	0
13261	0
13262	703
13263	1
13264	0
13265	0
13266	19
13267	0
13268	1
13269	1
13270	0
13271	0
13272	0
13273	0
13274	0
13275	1
13276	0
13277	1
13278	0
13279	0
13280	1
13281	0
13282	0
13283	1
13284	703
13285	8
13286	4
13287	0
13288	0
13289	0
13290	0
13291	0
13292	703
13293	2
13294	1
13295	0
13296	0
13297	0
13298	1
13299	0
13300	0
13301	0
13302	1
13303	22
13304	1
13305	12
13306	97
13307	0
13308	638
13309	0
13310	1
13311	0
13312	1
13313	0
13314	0
13315	0
13316	0
13317	1
13318	0
13319	0
13320	0
13321	1
13322	0
13323	0
13324	2
13325	0
13326	1
13327	1
13328	0
13329	1
13330	0
13331	1
13332	0
13333	703
13334	703
13335	0
13336	1
13337	1
13338	703
13339	21
13340	0
13341	1
13342	1
13343	1
13344	703
13345	0
13346	1
13347	1
13348	0
13349	1
13350	19
13351	0
13352	0
13353	1
13354	0
13355	17
13356	0
13357	0
13358	1
13359	1
13360	1
13361	0
13362	0
13363	11
13364	703
13365	1
13366	20
13367	0
13368	703
13369	0
13370	1
13371	0
13372	10
13373	0
13374	20
13375	0
13376	0
13377	0
13378	0
13379	2
13380	0
13381	0
13382	0
13383	1
13384	0
13385	0
13386	0
13387	1
13388	703
13389	0
13390	0
13391	1
13392	0
13393	1
13394	1
13395	0
13396	2
13397	1
13398	1
13399	0
13400	1
13401	0
13402	0
13403	0
13404	0
13405	1
13406	1
13407	0
13408	0
13409	0
13410	0
13411	0
13412	0
13413	703
13414	0
13415	703
13416	1
13417	2
13418	1
13419	0
13420	0
13421	0
13422	0
13423	0
13424	1
13425	0
13426	0
13427	1
13428	1
13429	1
13430	1
13431	0
13432	0
13433	0
13434	703
13435	703
13436	703
13437	703
13438	0
13439	1
13440	0
13441	22
13442	1
13443	703
13444	1
13445	0
13446	1
13447	0
13448	0
13449	0
13450	0
13451	0
13452	0
13453	0
13454	1
13455	0
13456	0
13457	703
13458	703
13459	0
13460	697
13461	0
13462	0
13463	1
13464	1
13465	1
13466	0
13467	0
13468	0
13469	1
13470	1
13471	628
13472	0
13473	1
13474	1
13475	0
13476	12
13477	1
13478	14
13479	703
13480	703
13481	703
13482	0
13483	1
13484	0
13485	0
13486	1
13487	0
13488	1
13489	14
13490	7
13491	1
13492	703
13493	4
13494	0
13495	1
13496	0
13497	0
13498	0
13499	0
13500	18
13501	0
13502	0
13503	1
13504	703
13505	1
13506	703
13507	1
13508	0
13509	0
13510	0
13511	1
13512	0
13513	1
13514	1
13515	1
13516	0
13517	1
13518	18
13519	0
13520	0
13521	4
13522	18
13523	18
13524	21
13525	1
