0	0
1	0
2	0
3	0
4	0
5	0
6	109
7	0
8	0
9	136
10	0
11	1
12	1
13	0
14	0
15	2
16	0
17	0
18	0
19	0
20	0
21	0
22	0
23	0
24	0
25	0
26	136
27	84
28	1
29	0
30	0
31	0
32	0
33	0
34	0
35	0
36	0
37	0
38	0
39	0
40	1
41	251
42	75
43	0
44	39
45	16
46	6
47	0
48	251
49	0
50	0
51	0
52	75
53	0
54	1
55	0
56	0
57	0
58	0
59	0
60	0
61	0
62	251
63	1
64	0
65	0
66	0
67	0
68	0
69	123
70	0
71	0
72	84
73	0
74	126
75	0
76	0
77	0
78	98
79	0
80	0
81	83
82	98
83	0
84	0
85	0
86	1
87	1
88	0
89	0
90	0
91	0
92	0
93	11
94	84
95	0
96	0
97	0
98	230
99	98
100	0
101	0
102	0
103	34
104	1
105	0
106	0
107	0
108	0
109	1
110	0
111	6
112	0
113	0
114	0
115	7
116	84
117	0
118	0
119	0
120	0
121	136
122	0
123	0
124	9
125	1
126	0
127	103
128	251
129	0
130	1
131	0
132	251
133	1
134	251
135	251
136	10
137	0
138	0
139	84
140	43
141	8
142	0
143	0
144	0
145	0
146	0
147	0
148	9
149	70
150	0
151	0
152	0
153	0
154	0
155	1
156	12
157	0
158	72
159	251
160	41
161	0
162	0
163	1
164	0
165	0
166	0
167	0
168	6
169	6
170	0
171	0
172	8
173	251
174	0
175	0
176	62
177	0
178	0
179	0
180	78
181	136
182	0
183	0
184	0
185	7
186	251
187	0
188	41
189	0
190	0
191	2
192	8
193	0
194	0
195	0
196	15
197	0
198	0
199	126
200	0
201	0
202	0
203	251
204	0
205	43
206	98
207	14
208	0
209	0
210	0
211	0
212	0
213	0
214	0
215	0
216	1
217	0
218	0
219	0
220	0
221	126
222	0
223	0
224	0
225	0
226	8
227	4
228	1
229	0
230	0
231	0
232	126
233	84
234	0
235	0
236	0
237	0
238	1
239	0
240	0
241	75
242	98
243	126
244	6
245	0
246	98
247	41
248	0
249	0
250	84
251	41
252	0
253	0
254	0
255	0
256	0
257	0
258	0
259	0
260	0
261	75
262	75
263	0
264	75
265	0
266	126
267	0
268	0
269	251
270	231
271	0
272	0
273	0
274	0
275	25
276	84
277	1
278	126
279	0
280	1
281	84
282	0
283	0
284	0
285	0
286	0
287	0
288	98
289	0
290	11
291	12
292	0
293	0
294	0
295	0
296	251
297	0
298	0
299	0
300	0
301	0
302	0
303	0
304	0
305	0
306	0
307	0
308	0
309	0
310	15
311	84
312	0
313	0
314	0
315	0
316	251
317	57
318	0
319	1
320	251
321	4
322	0
323	10
324	1
325	0
326	251
327	0
328	1
329	75
330	0
331	1
332	59
333	0
334	0
335	116
336	0
337	0
338	98
339	136
340	0
341	0
342	98
343	25
344	84
345	84
346	0
347	0
348	126
349	0
350	0
351	240
352	0
353	19
354	0
355	0
356	0
357	0
358	0
359	8
360	0
361	0
362	0
363	1
364	0
365	191
366	126
367	0
368	0
369	0
370	0
371	11
372	0
373	12
374	126
375	0
376	0
377	1
378	0
379	43
380	0
381	66
382	0
383	0
384	0
385	15
386	0
387	1
388	0
389	0
390	0
391	84
392	0
393	0
394	0
395	251
396	245
397	0
398	0
399	0
400	234
401	0
402	5
403	0
404	0
405	0
406	7
407	1
408	0
409	1
410	1
411	0
412	251
413	0
414	0
415	251
416	0
417	0
418	0
419	0
420	173
421	0
422	0
423	0
424	0
425	0
426	98
427	5
428	0
429	0
430	0
431	84
432	0
433	0
434	0
435	126
436	94
437	0
438	0
439	126
440	167
441	251
442	0
443	0
444	19
445	61
446	41
447	0
448	0
449	0
450	0
451	1
452	0
453	0
454	0
455	251
456	0
457	0
458	0
459	0
460	0
461	0
462	0
463	0
464	126
465	0
466	0
467	75
468	0
469	98
470	0
471	0
472	0
473	0
474	0
475	0
476	167
477	98
478	251
479	0
480	0
481	10
482	1
483	0
484	1
485	1
486	0
487	56
488	0
489	0
490	0
491	1
492	251
493	0
494	0
495	251
496	0
497	0
498	0
499	156
500	0
501	0
502	251
503	0
504	126
505	0
506	0
507	251
508	0
509	0
510	0
511	0
512	1
513	0
514	0
515	29
516	0
517	0
518	0
519	6
520	1
521	0
522	1
523	0
524	127
525	0
526	0
527	0
528	8
529	251
530	251
531	40
532	0
533	0
534	0
535	75
536	40
537	0
538	0
539	0
540	18
541	0
542	0
543	10
544	0
545	0
546	0
547	16
548	98
549	116
550	0
551	0
552	0
553	0
554	0
555	0
556	251
557	136
558	136
559	126
560	0
561	0
562	136
563	251
564	0
565	0
566	57
567	56
568	0
569	0
570	84
571	65
572	0
573	0
574	1
575	0
576	3
577	126
578	0
579	27
580	0
581	33
582	0
583	1
584	0
585	8
586	1
587	126
588	75
589	0
590	19
591	0
592	98
593	19
594	1
595	16
596	5
597	0
598	0
599	0
600	126
601	1
602	1
603	1
604	0
605	0
606	136
607	0
608	43
609	0
610	1
611	3
612	0
613	0
614	0
615	0
616	0
617	251
618	52
619	0
620	11
621	0
622	223
623	16
624	0
625	24
626	15
627	0
628	1
629	46
630	13
631	43
632	251
633	0
634	0
635	98
636	0
637	0
638	126
639	0
640	108
641	0
642	0
643	127
644	0
645	0
646	75
647	0
648	75
649	126
650	26
651	0
652	93
653	0
654	1
655	0
656	1
657	98
658	251
659	98
660	5
661	0
662	1
663	0
664	0
665	0
666	126
667	0
668	0
669	0
670	0
671	0
672	0
673	43
674	0
675	0
676	0
677	2
678	1
679	0
680	0
681	0
682	0
683	1
684	251
685	0
686	1
687	13
688	0
689	126
690	0
691	0
692	19
693	0
694	0
695	126
696	1
697	84
698	1
699	0
700	251
701	36
702	0
703	0
704	41
705	0
706	98
707	251
708	0
709	0
710	251
711	0
712	29
713	19
714	0
715	251
716	0
717	126
718	251
719	0
720	0
721	10
722	0
723	0
724	0
725	1
726	13
727	0
728	84
729	0
730	244
731	0
732	0
733	0
734	0
735	1
736	0
737	75
738	0
739	0
740	0
741	0
742	251
743	0
744	98
745	0
746	0
747	126
748	1
749	251
750	0
751	0
752	0
753	33
754	75
755	0
756	15
757	0
758	0
759	12
760	0
761	0
762	126
763	0
764	0
765	0
766	0
767	0
768	31
769	251
770	251
771	0
772	0
773	0
774	249
775	0
776	0
777	1
778	12
779	0
780	0
781	44
782	0
783	10
784	179
785	25
786	0
787	251
788	0
789	0
790	0
791	65
792	0
793	0
794	189
795	0
796	0
797	126
798	15
799	0
800	1
801	1
802	251
803	31
804	93
805	126
806	0
807	0
808	0
809	1
810	0
811	0
812	0
813	0
814	0
815	0
816	251
817	0
818	0
819	0
820	0
821	251
822	0
823	1
824	98
825	0
826	116
827	2
828	1
829	251
830	0
831	0
832	8
833	0
834	4
835	251
836	0
837	98
838	126
839	0
840	0
841	0
842	98
843	0
844	0
845	0
846	0
847	1
848	0
849	0
850	0
851	42
852	0
853	251
854	0
855	0
856	1
857	4
858	0
859	0
860	251
861	3
862	98
863	0
864	0
865	0
866	4
867	0
868	22
869	0
870	0
871	98
872	0
873	0
874	0
875	0
876	26
877	0
878	98
879	0
880	0
881	0
882	30
883	0
884	0
885	0
886	0
887	1
888	251
889	251
890	126
891	251
892	251
893	251
894	65
895	0
896	0
897	0
898	0
899	0
900	251
901	25
902	0
903	33
904	0
905	251
906	0
907	0
908	0
909	0
910	0
911	0
912	0
913	251
914	0
915	15
916	0
917	0
918	1
919	0
920	0
921	8
922	1
923	0
924	78
925	17
926	98
927	13
928	25
929	12
930	0
931	0
932	0
933	1
934	251
935	0
936	0
937	0
938	57
939	9
940	0
941	15
942	251
943	0
944	127
945	57
946	0
947	0
948	0
949	0
950	75
951	0
952	0
953	15
954	8
955	1
956	0
957	0
958	0
959	251
960	0
961	15
962	0
963	0
964	251
965	251
966	251
967	1
968	0
969	0
970	112
971	0
972	0
973	0
974	0
975	0
976	124
977	0
978	0
979	0
980	98
981	251
982	18
983	0
984	0
985	0
986	1
987	0
988	0
989	126
990	1
991	0
992	0
993	0
994	42
995	0
996	0
997	25
998	0
999	0
1000	3
1001	0
1002	0
1003	251
1004	0
1005	0
1006	0
1007	1
1008	5
1009	1
1010	0
1011	84
1012	0
1013	0
1014	1
1015	0
1016	5
1017	1
1018	0
1019	1
1020	3
1021	39
1022	1
1023	0
1024	1
1025	0
1026	0
1027	0
1028	0
1029	0
1030	1
1031	6
1032	0
1033	0
1034	1
1035	251
1036	0
1037	0
1038	15
1039	251
1040	1
1041	0
1042	0
1043	0
1044	67
1045	0
1046	0
1047	0
1048	0
1049	6
1050	0
1051	0
1052	0
1053	0
1054	0
1055	0
1056	251
1057	0
1058	181
1059	0
1060	14
1061	33
1062	251
1063	8
1064	0
1065	1
1066	115
1067	0
1068	0
1069	0
1070	98
1071	0
1072	0
1073	0
1074	0
1075	3
1076	3
1077	0
1078	98
1079	0
1080	0
1081	0
1082	0
1083	0
1084	3
1085	0
1086	42
1087	1
1088	251
1089	0
1090	0
1091	0
1092	2
1093	1
1094	0
1095	0
1096	6
1097	0
1098	1
1099	0
1100	0
1101	251
1102	0
1103	0
1104	0
1105	167
1106	0
1107	5
1108	1
1109	0
1110	2
1111	0
1112	26
1113	0
1114	0
1115	84
1116	126
1117	0
1118	0
1119	0
1120	0
1121	0
1122	0
1123	0
1124	3
1125	0
1126	245
1127	51
1128	126
1129	30
1130	251
1131	0
1132	1
1133	0
1134	0
1135	0
1136	9
1137	0
1138	0
1139	0
1140	0
1141	0
1142	0
1143	46
1144	0
1145	0
1146	0
1147	0
1148	0
1149	3
1150	126
1151	0
1152	0
1153	43
1154	0
1155	126
1156	0
1157	0
1158	0
1159	0
1160	0
1161	0
1162	0
1163	0
1164	0
1165	1
1166	0
1167	136
1168	0
1169	0
1170	1
1171	0
1172	0
1173	115
1174	0
1175	0
1176	19
1177	42
1178	16
1179	0
1180	0
1181	0
1182	0
1183	251
1184	0
1185	0
1186	0
1187	83
1188	9
1189	0
1190	0
1191	73
1192	33
1193	8
1194	33
1195	0
1196	0
1197	0
1198	0
1199	160
1200	2
1201	0
1202	0
1203	38
1204	0
1205	0
1206	1
1207	25
1208	34
1209	1
1210	98
1211	51
1212	5
1213	0
1214	0
1215	0
1216	0
1217	0
1218	15
1219	0
1220	8
1221	0
1222	6
1223	1
1224	57
1225	0
1226	0
1227	101
1228	1
1229	0
1230	0
1231	0
1232	251
1233	0
1234	0
1235	10
1236	12
1237	0
1238	0
1239	30
1240	0
1241	7
1242	0
1243	1
1244	15
1245	0
1246	41
1247	0
1248	126
1249	0
1250	0
1251	0
1252	0
1253	0
1254	126
1255	43
1256	5
1257	0
1258	0
1259	0
1260	0
1261	0
1262	0
1263	0
1264	0
1265	98
1266	0
1267	1
1268	0
1269	251
1270	251
1271	0
1272	0
1273	0
1274	0
1275	0
1276	0
1277	0
1278	0
1279	0
1280	0
1281	1
1282	0
1283	0
1284	0
1285	126
1286	126
1287	0
1288	0
1289	0
1290	1
1291	0
1292	0
1293	0
1294	0
1295	0
1296	42
1297	0
1298	32
1299	0
1300	0
1301	0
1302	0
1303	0
1304	126
1305	251
1306	84
1307	2
1308	9
1309	0
1310	6
1311	32
1312	1
1313	175
1314	0
1315	0
1316	0
1317	1
1318	15
1319	102
1320	0
1321	0
1322	0
1323	0
1324	33
1325	126
1326	0
1327	34
1328	15
1329	0
1330	84
1331	57
1332	0
1333	251
1334	251
1335	10
1336	0
1337	0
1338	182
1339	1
1340	0
1341	126
1342	251
1343	79
1344	170
1345	0
1346	0
1347	98
1348	1
1349	0
1350	0
1351	75
1352	0
1353	0
1354	0
1355	251
1356	0
1357	0
1358	0
1359	66
1360	84
1361	57
1362	0
1363	0
1364	0
1365	3
1366	0
1367	0
1368	0
1369	235
1370	0
1371	0
1372	221
1373	0
1374	1
1375	0
1376	0
1377	0
1378	0
1379	0
1380	2
1381	0
1382	0
1383	0
1384	0
1385	1
1386	0
1387	0
1388	0
1389	251
1390	1
1391	0
1392	70
1393	4
1394	0
1395	10
1396	126
1397	0
1398	1
1399	0
1400	3
1401	0
1402	71
1403	33
1404	0
1405	126
1406	0
1407	0
1408	0
1409	251
1410	0
1411	0
1412	0
1413	0
1414	0
1415	0
1416	0
1417	160
1418	0
1419	33
1420	0
1421	0
1422	1
1423	0
1424	1
1425	0
1426	0
1427	10
1428	0
1429	0
1430	0
1431	0
1432	0
1433	0
1434	251
1435	0
1436	0
1437	1
1438	0
1439	34
1440	9
1441	0
1442	0
1443	1
1444	0
1445	0
1446	0
1447	1
1448	251
1449	15
1450	0
1451	65
1452	0
1453	0
1454	0
1455	84
1456	0
1457	0
1458	0
1459	0
1460	15
1461	1
1462	16
1463	1
1464	0
1465	0
1466	98
1467	48
1468	0
1469	0
1470	127
1471	84
1472	1
1473	0
1474	48
1475	43
1476	25
1477	6
1478	69
1479	25
1480	41
1481	0
1482	127
1483	0
1484	0
1485	0
1486	0
1487	0
1488	251
1489	0
1490	0
1491	0
1492	7
1493	0
1494	1
1495	0
1496	251
1497	0
1498	0
1499	6
1500	57
1501	1
1502	0
1503	0
1504	0
1505	57
1506	0
1507	0
1508	0
1509	0
1510	84
1511	0
1512	0
1513	0
1514	0
1515	0
1516	0
1517	0
1518	0
1519	5
1520	0
1521	0
1522	0
1523	0
1524	0
1525	0
1526	0
1527	0
1528	0
1529	0
1530	75
1531	0
1532	0
1533	0
1534	0
1535	0
1536	98
1537	214
1538	0
1539	33
1540	0
1541	4
1542	0
1543	0
1544	0
1545	98
1546	0
1547	251
1548	11
1549	0
1550	4
1551	0
1552	4
1553	0
1554	1
1555	0
1556	0
1557	126
1558	0
1559	84
1560	0
1561	0
1562	0
1563	0
1564	0
1565	0
1566	31
1567	0
1568	251
1569	0
1570	0
1571	126
1572	0
1573	0
1574	0
1575	1
1576	0
1577	57
1578	6
1579	66
1580	0
1581	251
1582	98
1583	8
1584	0
1585	0
1586	75
1587	0
1588	0
1589	15
1590	251
1591	0
1592	10
1593	0
1594	0
1595	0
1596	0
1597	0
1598	0
1599	41
1600	0
1601	8
1602	126
1603	34
1604	98
1605	1
1606	0
1607	0
1608	0
1609	0
1610	0
1611	0
1612	8
1613	0
1614	251
1615	0
1616	0
1617	0
1618	0
1619	0
1620	0
1621	19
1622	0
1623	251
1624	0
1625	0
1626	182
1627	0
1628	0
1629	48
1630	13
1631	41
1632	0
1633	75
1634	0
1635	202
1636	0
1637	0
1638	251
1639	0
1640	0
1641	1
1642	0
1643	8
1644	0
1645	0
1646	0
1647	25
1648	1
1649	0
1650	8
1651	16
1652	0
1653	12
1654	0
1655	0
1656	0
1657	0
1658	249
1659	0
1660	33
1661	0
1662	0
1663	6
1664	0
1665	0
1666	0
1667	1
1668	0
1669	0
1670	83
1671	0
1672	0
1673	0
1674	2
1675	1
1676	0
1677	0
1678	0
1679	0
1680	33
1681	251
1682	8
1683	0
1684	126
1685	0
1686	0
1687	0
1688	0
1689	0
1690	6
1691	0
1692	0
1693	240
1694	0
1695	42
1696	0
1697	15
1698	2
1699	0
1700	0
1701	98
1702	1
1703	15
1704	0
1705	0
1706	0
1707	0
1708	45
1709	0
1710	0
1711	0
1712	11
1713	0
1714	65
1715	0
1716	0
1717	1
1718	19
1719	0
1720	27
1721	9
1722	0
1723	1
1724	84
1725	0
1726	25
1727	13
1728	25
1729	16
1730	41
1731	6
1732	0
1733	0
1734	0
1735	0
1736	57
1737	1
1738	75
1739	12
1740	0
1741	5
1742	0
1743	0
1744	0
1745	0
1746	251
1747	0
1748	0
1749	0
1750	251
1751	0
1752	0
1753	0
1754	0
1755	0
1756	34
1757	0
1758	98
1759	41
1760	48
1761	7
1762	34
1763	84
1764	43
1765	0
1766	0
1767	251
1768	0
1769	0
1770	1
1771	0
1772	0
1773	0
1774	15
1775	0
1776	0
1777	0
1778	0
1779	126
1780	1
1781	0
1782	5
1783	1
1784	0
1785	0
1786	0
1787	0
1788	0
1789	0
1790	10
1791	0
1792	0
1793	209
1794	75
1795	0
1796	0
1797	1
1798	1
1799	1
1800	0
1801	0
1802	251
1803	0
1804	0
1805	0
1806	0
1807	6
1808	0
1809	8
1810	148
1811	0
1812	0
1813	0
1814	0
1815	0
1816	0
1817	0
1818	49
1819	0
1820	0
1821	0
1822	0
1823	1
1824	0
1825	0
1826	251
1827	0
1828	95
1829	0
1830	0
1831	0
1832	0
1833	1
1834	0
1835	0
1836	33
1837	1
1838	0
1839	0
1840	33
1841	1
1842	0
1843	0
1844	0
1845	0
1846	0
1847	0
1848	0
1849	0
1850	0
1851	0
1852	0
1853	0
1854	120
1855	0
1856	71
1857	251
1858	0
1859	0
1860	0
1861	251
1862	0
1863	0
1864	75
1865	6
1866	0
1867	0
1868	26
1869	1
1870	84
1871	251
1872	0
1873	0
1874	0
1875	0
1876	0
1877	0
1878	0
1879	0
1880	0
1881	2
1882	0
1883	12
1884	0
1885	0
1886	0
1887	0
1888	98
1889	0
1890	0
1891	251
1892	0
1893	1
1894	0
1895	0
1896	251
1897	0
1898	0
1899	0
1900	0
1901	0
1902	0
1903	0
1904	0
1905	0
1906	0
1907	104
1908	0
1909	0
1910	0
1911	0
1912	0
1913	0
1914	240
1915	0
1916	0
1917	251
1918	126
1919	251
1920	0
1921	0
1922	0
1923	0
1924	0
1925	0
1926	0
1927	230
1928	0
1929	0
1930	0
1931	0
1932	0
1933	1
1934	0
1935	0
1936	0
1937	0
1938	1
1939	10
1940	251
1941	0
1942	0
1943	251
1944	0
1945	0
1946	0
1947	0
1948	0
1949	55
1950	156
1951	0
1952	75
1953	0
1954	0
1955	0
1956	0
1957	1
1958	0
1959	0
1960	126
1961	48
1962	0
1963	12
1964	0
1965	0
1966	0
1967	98
1968	126
1969	0
1970	251
1971	99
1972	0
1973	126
1974	0
1975	251
1976	6
1977	0
1978	0
1979	15
1980	0
1981	1
1982	126
1983	84
1984	98
1985	9
1986	0
1987	126
1988	10
1989	126
1990	0
1991	19
1992	8
1993	0
1994	197
1995	1
1996	0
1997	0
1998	1
1999	8
2000	8
2001	0
2002	0
2003	0
2004	9
2005	0
2006	251
2007	0
2008	0
2009	0
2010	0
2011	1
2012	6
2013	0
2014	0
2015	0
2016	74
2017	1
2018	84
2019	0
2020	15
2021	1
2022	6
2023	98
2024	0
2025	126
2026	0
2027	0
2028	0
2029	0
2030	0
2031	0
2032	33
2033	1
2034	0
2035	0
2036	0
2037	19
2038	0
2039	0
2040	0
2041	0
2042	0
2043	148
2044	0
2045	0
2046	75
2047	0
2048	75
2049	0
2050	6
2051	0
2052	0
2053	0
2054	1
2055	33
2056	0
2057	0
2058	98
2059	41
2060	16
2061	98
2062	4
2063	0
2064	0
2065	0
2066	0
2067	0
2068	0
2069	65
2070	0
2071	0
2072	41
2073	0
2074	0
2075	1
2076	251
2077	0
2078	0
2079	0
2080	0
2081	0
2082	251
2083	0
2084	0
2085	126
2086	0
2087	41
2088	251
2089	0
2090	0
2091	0
2092	0
2093	0
2094	0
2095	84
2096	0
2097	1
2098	0
2099	0
2100	0
2101	0
2102	0
2103	3
2104	24
2105	0
2106	14
2107	0
2108	0
2109	0
2110	0
2111	0
2112	0
2113	0
2114	0
2115	251
2116	251
2117	0
2118	0
2119	0
2120	136
2121	0
2122	33
2123	0
2124	15
2125	0
2126	0
2127	6
2128	251
2129	0
2130	0
2131	0
2132	0
2133	0
2134	0
2135	1
2136	251
2137	0
2138	0
2139	0
2140	0
2141	0
2142	0
2143	0
2144	0
2145	0
2146	0
2147	0
2148	0
2149	0
2150	0
2151	0
2152	75
2153	0
2154	0
2155	0
2156	0
2157	98
2158	251
2159	126
2160	251
2161	33
2162	0
2163	0
2164	5
2165	0
2166	0
2167	0
2168	75
2169	1
2170	0
2171	0
2172	43
2173	0
2174	0
2175	0
2176	251
2177	0
2178	111
2179	0
2180	0
2181	90
2182	123
2183	0
2184	11
2185	126
2186	98
2187	0
2188	0
2189	0
2190	1
2191	0
2192	1
2193	0
2194	0
2195	1
2196	0
2197	0
2198	1
2199	132
2200	1
2201	0
2202	33
2203	57
2204	1
2205	0
2206	9
2207	0
2208	0
2209	249
2210	1
2211	41
2212	126
2213	0
2214	33
2215	0
2216	1
2217	0
2218	0
2219	0
2220	0
2221	0
2222	5
2223	0
2224	0
2225	0
2226	126
2227	0
2228	1
2229	0
2230	0
2231	0
2232	1
2233	251
2234	0
2235	0
2236	0
2237	0
2238	0
2239	221
2240	1
2241	15
2242	0
2243	6
2244	17
2245	0
2246	0
2247	0
2248	6
2249	0
2250	0
2251	0
2252	0
2253	33
2254	0
2255	0
2256	0
2257	0
2258	19
2259	0
2260	251
2261	0
2262	1
2263	126
2264	0
2265	251
2266	0
2267	251
2268	136
2269	84
2270	0
2271	0
2272	1
2273	0
2274	0
2275	0
2276	0
2277	0
2278	0
2279	0
2280	0
2281	126
2282	0
2283	0
2284	84
2285	0
2286	98
2287	0
2288	127
2289	0
2290	0
2291	1
2292	251
2293	0
2294	0
2295	251
2296	0
2297	0
2298	0
2299	6
2300	98
2301	0
2302	0
2303	114
2304	0
2305	0
2306	0
2307	0
2308	0
2309	7
2310	0
2311	0
2312	0
2313	0
2314	0
2315	0
2316	0
2317	42
2318	0
2319	84
2320	52
2321	98
2322	7
2323	84
2324	8
2325	8
2326	10
2327	0
2328	34
2329	0
2330	0
2331	15
2332	0
2333	0
2334	0
2335	16
2336	144
2337	75
2338	0
2339	30
2340	0
2341	0
2342	0
2343	16
2344	67
2345	1
2346	11
2347	1
2348	0
2349	4
2350	0
2351	0
2352	84
2353	132
2354	0
2355	14
2356	84
2357	0
2358	98
2359	2
2360	0
2361	98
2362	0
2363	0
2364	0
2365	0
2366	1
2367	0
2368	60
2369	0
2370	136
2371	240
2372	10
2373	0
2374	0
2375	0
2376	0
2377	0
2378	0
2379	0
2380	0
2381	26
2382	0
2383	0
2384	0
2385	0
2386	1
2387	0
2388	0
2389	5
2390	0
2391	0
2392	33
2393	0
2394	0
2395	0
2396	0
2397	0
2398	0
2399	0
2400	0
2401	2
2402	54
2403	0
2404	0
2405	0
2406	9
2407	84
2408	147
2409	0
2410	0
2411	0
2412	19
2413	0
2414	244
2415	0
2416	24
2417	0
2418	84
2419	0
2420	84
2421	0
2422	0
2423	0
2424	33
2425	0
2426	251
2427	176
2428	0
2429	1
2430	0
2431	0
2432	0
2433	84
2434	11
2435	0
2436	0
2437	0
2438	45
2439	1
2440	0
2441	251
2442	0
2443	42
2444	0
2445	0
2446	1
2447	0
2448	0
2449	13
2450	0
2451	0
2452	13
2453	0
2454	0
2455	0
2456	0
2457	0
2458	251
2459	0
2460	0
2461	1
2462	0
2463	0
2464	57
2465	0
2466	0
2467	0
2468	0
2469	25
2470	0
2471	0
2472	158
2473	0
2474	75
2475	126
2476	0
2477	55
2478	0
2479	0
2480	0
2481	251
2482	0
2483	0
2484	0
2485	0
2486	0
2487	66
2488	0
2489	5
2490	0
2491	0
2492	0
2493	0
2494	0
2495	30
2496	251
2497	0
2498	0
2499	0
2500	0
2501	0
2502	0
2503	0
2504	0
2505	251
2506	0
2507	0
2508	0
2509	0
2510	0
2511	0
2512	84
2513	0
2514	75
2515	0
2516	0
2517	0
2518	0
2519	0
2520	75
2521	0
2522	0
2523	0
2524	0
2525	0
2526	34
2527	0
2528	0
2529	0
2530	10
2531	0
2532	1
2533	0
2534	0
2535	251
2536	0
2537	0
2538	11
2539	0
2540	0
2541	0
2542	75
2543	91
2544	98
2545	0
2546	0
2547	34
2548	0
2549	1
2550	0
2551	34
2552	0
2553	0
2554	0
2555	33
2556	0
2557	6
2558	0
2559	0
2560	0
2561	0
2562	0
2563	8
2564	0
2565	249
2566	84
2567	108
2568	62
2569	0
2570	1
2571	0
2572	43
2573	0
2574	126
2575	0
2576	0
2577	0
2578	0
2579	0
2580	84
2581	34
2582	95
2583	0
2584	251
2585	0
2586	0
2587	0
2588	0
2589	0
2590	251
2591	57
2592	0
2593	251
2594	0
2595	0
2596	0
2597	251
2598	0
2599	132
2600	41
2601	126
2602	43
2603	26
2604	0
2605	126
2606	34
2607	0
2608	0
2609	0
2610	0
2611	1
2612	1
2613	98
2614	5
2615	0
2616	0
2617	0
2618	0
2619	5
2620	251
2621	0
2622	2
2623	0
2624	136
2625	3
2626	0
2627	0
2628	120
2629	0
2630	0
2631	0
2632	251
2633	84
2634	0
2635	251
2636	0
2637	251
2638	98
2639	0
2640	0
2641	0
2642	16
2643	0
2644	1
2645	0
2646	0
2647	0
2648	3
2649	0
2650	51
2651	84
2652	43
2653	43
2654	34
2655	84
2656	20
2657	0
2658	0
2659	126
2660	57
2661	0
2662	0
2663	1
2664	0
2665	66
2666	0
2667	0
2668	0
2669	0
2670	10
2671	251
2672	0
2673	0
2674	0
2675	126
2676	0
2677	2
2678	1
2679	0
2680	0
2681	0
2682	0
2683	0
2684	0
2685	0
2686	42
2687	0
2688	0
2689	0
2690	0
2691	0
2692	79
2693	2
2694	84
2695	0
2696	0
2697	0
2698	0
2699	0
2700	75
2701	0
2702	66
2703	0
2704	136
2705	34
2706	0
2707	0
2708	0
2709	0
2710	6
2711	1
2712	65
2713	75
2714	0
2715	34
2716	0
2717	0
2718	0
2719	0
2720	0
2721	0
2722	15
2723	98
2724	0
2725	1
2726	9
2727	0
2728	0
2729	0
2730	0
2731	0
2732	15
2733	1
2734	0
2735	34
2736	0
2737	0
2738	0
2739	0
2740	0
2741	0
2742	0
2743	0
2744	0
2745	251
2746	0
2747	0
2748	0
2749	6
2750	1
2751	1
2752	0
2753	0
2754	0
2755	0
2756	0
2757	1
2758	0
2759	0
2760	4
2761	0
2762	4
2763	0
2764	136
2765	5
2766	0
2767	0
2768	43
2769	98
2770	84
2771	0
2772	4
2773	0
2774	0
2775	43
2776	251
2777	0
2778	0
2779	75
2780	0
2781	0
2782	126
2783	12
2784	0
2785	0
2786	0
2787	75
2788	0
2789	0
2790	0
2791	0
2792	0
2793	0
2794	0
2795	0
2796	0
2797	0
2798	0
2799	0
2800	227
2801	0
2802	0
2803	13
2804	1
2805	1
2806	1
2807	65
2808	15
2809	11
2810	0
2811	0
2812	251
2813	1
2814	16
2815	0
2816	0
2817	0
2818	33
2819	0
2820	33
2821	0
2822	0
2823	0
2824	16
2825	16
2826	0
2827	3
2828	0
2829	0
2830	0
2831	0
2832	98
2833	0
2834	0
2835	31
2836	98
2837	0
2838	0
2839	5
2840	1
2841	0
2842	1
2843	0
2844	0
2845	0
2846	0
2847	0
2848	0
2849	0
2850	0
2851	1
2852	0
2853	0
2854	0
2855	43
2856	0
2857	0
2858	16
2859	0
2860	59
2861	0
2862	126
2863	75
2864	0
2865	0
2866	43
2867	0
2868	98
2869	33
2870	34
2871	34
2872	34
2873	0
2874	126
2875	34
2876	251
2877	0
2878	4
2879	0
2880	0
2881	4
2882	0
2883	10
2884	34
2885	0
2886	64
2887	1
2888	0
2889	0
2890	1
2891	0
2892	15
2893	26
2894	1
2895	0
2896	126
2897	1
2898	0
2899	98
2900	1
2901	8
2902	0
2903	0
2904	0
2905	0
2906	0
2907	0
2908	1
2909	126
2910	0
2911	42
2912	126
2913	0
2914	0
2915	1
2916	1
2917	41
2918	70
2919	0
2920	0
2921	0
2922	0
2923	2
2924	0
2925	75
2926	0
2927	0
2928	0
2929	98
2930	251
2931	251
2932	0
2933	0
2934	251
2935	1
2936	0
2937	0
2938	34
2939	1
2940	41
2941	42
2942	0
2943	0
2944	251
2945	0
2946	251
2947	0
2948	0
2949	0
2950	41
2951	0
2952	0
2953	0
2954	0
2955	0
2956	0
2957	251
2958	114
2959	0
2960	46
2961	0
2962	0
2963	15
2964	0
2965	0
2966	0
2967	136
2968	9
2969	0
2970	0
2971	251
2972	0
2973	0
2974	0
2975	0
2976	0
2977	1
2978	0
2979	0
2980	126
2981	1
2982	0
2983	0
2984	75
2985	0
2986	0
2987	0
2988	132
2989	0
2990	0
2991	0
2992	74
2993	0
2994	41
2995	98
2996	128
2997	0
2998	0
2999	0
3000	0
3001	114
3002	3
3003	56
3004	0
3005	0
3006	0
3007	0
3008	0
3009	0
3010	0
3011	1
3012	0
3013	0
3014	251
3015	0
3016	126
3017	15
3018	0
3019	0
3020	19
3021	0
3022	126
3023	0
3024	126
3025	67
3026	17
3027	0
3028	0
3029	0
3030	52
3031	1
3032	98
3033	41
3034	0
3035	251
3036	0
3037	0
3038	84
3039	13
3040	0
3041	57
3042	0
3043	0
3044	0
3045	126
3046	0
3047	0
3048	0
3049	0
3050	12
3051	251
3052	0
3053	0
3054	75
3055	0
3056	72
3057	90
3058	0
3059	0
3060	251
3061	0
3062	0
3063	0
3064	0
3065	0
3066	0
3067	251
3068	0
3069	1
3070	0
3071	0
3072	98
3073	14
3074	98
3075	0
3076	0
3077	75
3078	10
3079	39
3080	75
3081	126
3082	19
3083	0
3084	0
3085	84
3086	0
3087	0
3088	15
3089	0
3090	0
3091	64
3092	194
3093	146
3094	11
3095	0
3096	0
3097	0
3098	136
3099	23
3100	0
3101	0
3102	13
3103	0
3104	1
3105	0
3106	0
3107	0
3108	0
3109	7
3110	0
3111	0
3112	2
3113	126
3114	0
3115	0
3116	126
3117	1
3118	0
3119	83
3120	126
3121	0
3122	41
3123	1
3124	52
3125	251
3126	0
3127	0
3128	75
3129	7
3130	0
3131	0
3132	0
3133	251
3134	0
3135	0
3136	20
3137	0
3138	0
3139	0
3140	8
3141	251
3142	0
3143	0
3144	0
3145	0
3146	0
3147	0
3148	0
3149	126
3150	0
3151	40
3152	251
3153	0
3154	0
3155	0
3156	43
3157	136
3158	0
3159	0
3160	0
3161	0
3162	34
3163	0
3164	1
3165	1
3166	0
3167	0
3168	5
3169	251
3170	20
3171	0
3172	0
3173	126
3174	8
3175	0
3176	64
3177	0
3178	0
3179	0
3180	0
3181	0
3182	0
3183	0
3184	0
3185	0
3186	0
3187	98
3188	1
3189	79
3190	0
3191	0
3192	47
3193	136
3194	0
3195	75
3196	0
3197	0
3198	0
3199	0
3200	0
3201	0
3202	0
3203	0
3204	5
3205	1
3206	0
3207	0
3208	9
3209	79
3210	11
3211	6
3212	10
3213	98
3214	98
3215	10
3216	98
3217	0
3218	24
3219	98
3220	1
3221	0
3222	0
3223	0
3224	0
3225	0
3226	0
3227	13
3228	0
3229	0
3230	98
3231	0
3232	0
3233	251
3234	251
3235	75
3236	251
3237	33
3238	0
3239	1
3240	0
3241	0
3242	75
3243	0
3244	0
3245	104
3246	0
3247	0
3248	0
3249	251
3250	0
3251	0
3252	0
3253	1
3254	0
3255	0
3256	1
3257	0
3258	0
3259	0
3260	107
3261	251
3262	10
3263	0
3264	0
3265	0
3266	0
3267	0
3268	251
3269	0
3270	15
3271	0
3272	0
3273	33
3274	101
3275	1
3276	0
3277	0
3278	9
3279	0
3280	19
3281	1
3282	0
3283	1
3284	0
3285	1
3286	0
3287	0
3288	0
3289	251
3290	251
3291	0
3292	0
3293	0
3294	251
3295	98
3296	0
3297	0
3298	0
3299	0
3300	0
3301	0
3302	0
3303	0
3304	16
3305	0
3306	75
3307	1
3308	0
3309	0
3310	0
3311	0
3312	251
3313	0
3314	0
3315	126
3316	4
3317	0
3318	0
3319	0
3320	0
3321	0
3322	0
3323	249
3324	0
3325	0
3326	0
3327	0
3328	0
3329	0
3330	0
3331	0
3332	126
3333	41
3334	0
3335	0
3336	208
3337	126
3338	1
3339	8
3340	0
3341	251
3342	126
3343	1
3344	71
3345	0
3346	0
3347	0
3348	160
3349	0
3350	2
3351	0
3352	0
3353	94
3354	0
3355	0
3356	0
3357	0
3358	148
3359	251
3360	0
3361	0
3362	10
3363	41
3364	0
3365	0
3366	75
3367	0
3368	0
3369	251
3370	8
3371	10
3372	84
3373	126
3374	0
3375	0
3376	0
3377	0
3378	251
3379	9
3380	0
3381	0
3382	136
3383	1
3384	1
3385	0
3386	75
3387	75
3388	0
3389	0
3390	23
3391	0
3392	0
3393	13
3394	1
3395	0
3396	27
3397	0
3398	0
3399	0
3400	41
3401	251
3402	12
3403	0
3404	0
3405	84
3406	0
3407	136
3408	84
3409	9
3410	1
3411	0
3412	3
3413	16
3414	0
3415	3
3416	0
3417	1
3418	0
3419	0
3420	0
3421	251
3422	0
3423	0
3424	251
3425	0
3426	0
3427	62
3428	0
3429	0
3430	0
3431	46
3432	251
3433	0
3434	0
3435	0
3436	0
3437	1
3438	1
3439	9
3440	0
3441	1
3442	0
3443	0
3444	93
3445	0
3446	0
3447	75
3448	0
3449	1
3450	61
3451	0
3452	251
3453	0
3454	98
3455	5
3456	0
3457	0
3458	0
3459	251
3460	0
3461	0
3462	0
3463	126
3464	0
3465	126
3466	0
3467	251
3468	0
3469	0
3470	0
3471	84
3472	0
3473	0
3474	65
3475	0
3476	75
3477	0
3478	0
3479	1
3480	0
3481	0
3482	11
3483	0
3484	0
3485	0
3486	251
3487	65
3488	0
3489	0
3490	251
3491	0
3492	0
3493	0
3494	251
3495	0
3496	0
3497	0
3498	251
3499	98
3500	11
3501	0
3502	43
3503	0
3504	0
3505	0
3506	0
3507	1
3508	0
3509	33
3510	0
3511	251
3512	13
3513	9
3514	0
3515	0
3516	98
3517	13
3518	0
3519	48
3520	98
3521	0
3522	0
3523	0
3524	0
3525	0
3526	251
3527	251
3528	0
3529	251
3530	16
3531	98
3532	0
3533	0
3534	0
3535	67
3536	0
3537	251
3538	0
3539	0
3540	33
3541	0
3542	84
3543	0
3544	8
3545	0
3546	0
3547	1
3548	251
3549	75
3550	0
3551	6
3552	9
3553	251
3554	0
3555	4
3556	75
3557	1
3558	0
3559	0
3560	251
3561	126
3562	0
3563	0
3564	0
3565	251
3566	0
3567	0
3568	0
3569	15
3570	84
3571	8
3572	13
3573	0
3574	0
3575	10
3576	1
3577	0
3578	2
3579	75
3580	15
3581	75
3582	0
3583	251
3584	0
3585	0
3586	0
3587	0
3588	0
3589	0
3590	0
3591	84
3592	0
3593	0
3594	126
3595	65
3596	0
3597	8
3598	251
3599	251
3600	6
3601	251
3602	19
3603	0
3604	0
3605	0
3606	1
3607	0
3608	0
3609	0
3610	1
3611	84
3612	0
3613	25
3614	0
3615	0
3616	8
3617	0
3618	0
3619	221
3620	0
3621	1
3622	0
3623	0
3624	0
3625	22
3626	0
3627	1
3628	2
3629	98
3630	0
3631	0
3632	75
3633	1
3634	0
3635	0
3636	82
3637	251
3638	4
3639	0
3640	8
3641	1
3642	0
3643	65
3644	0
3645	0
3646	0
3647	0
3648	126
3649	0
3650	0
3651	0
3652	11
3653	0
3654	0
3655	202
3656	0
3657	0
3658	0
3659	132
3660	84
3661	75
3662	75
3663	0
3664	0
3665	0
3666	0
3667	0
3668	0
3669	62
3670	4
3671	0
3672	0
3673	0
3674	0
3675	1
3676	251
3677	75
3678	33
3679	0
3680	1
3681	0
3682	0
3683	251
3684	0
3685	0
3686	0
3687	0
3688	0
3689	60
3690	0
3691	0
3692	0
3693	0
3694	36
3695	4
3696	0
3697	0
3698	0
3699	1
3700	10
3701	0
3702	0
3703	0
3704	0
3705	84
3706	0
3707	1
3708	1
3709	11
3710	14
3711	57
3712	0
3713	0
3714	0
3715	251
3716	16
3717	11
3718	0
3719	15
3720	0
3721	0
3722	0
3723	103
3724	0
3725	0
3726	0
3727	84
3728	1
3729	25
3730	0
3731	84
3732	0
3733	0
3734	15
3735	0
3736	1
3737	0
3738	98
3739	126
3740	0
3741	0
3742	0
3743	0
3744	0
3745	0
3746	0
3747	0
3748	0
3749	0
3750	19
3751	251
3752	0
3753	1
3754	75
3755	0
3756	1
3757	0
3758	0
3759	0
3760	0
3761	1
3762	0
3763	0
3764	0
3765	4
3766	0
3767	251
3768	0
3769	0
3770	0
3771	15
3772	115
3773	251
3774	0
3775	25
3776	0
3777	0
3778	98
3779	251
3780	0
3781	0
3782	0
3783	0
3784	126
3785	41
3786	0
3787	0
3788	98
3789	0
3790	0
3791	0
3792	202
3793	4
3794	35
3795	13
3796	84
3797	31
3798	84
3799	19
3800	34
3801	25
3802	11
3803	84
3804	0
3805	0
3806	251
3807	0
3808	0
3809	0
3810	56
3811	0
3812	0
3813	15
3814	0
3815	0
3816	0
3817	0
3818	0
3819	225
3820	0
3821	251
3822	0
3823	251
3824	0
3825	0
3826	0
3827	5
3828	136
3829	126
3830	0
3831	0
3832	0
3833	0
3834	0
3835	251
3836	0
3837	181
3838	0
3839	0
3840	251
3841	0
3842	19
3843	0
3844	1
3845	0
3846	0
3847	0
3848	251
3849	0
3850	0
3851	251
3852	0
3853	0
3854	8
3855	0
3856	0
3857	0
3858	58
3859	0
3860	0
3861	8
3862	0
3863	1
3864	0
3865	0
3866	0
3867	79
3868	6
3869	15
3870	126
3871	0
3872	0
3873	0
3874	0
3875	0
3876	0
3877	0
3878	136
3879	0
3880	84
3881	0
3882	0
3883	0
3884	0
3885	57
3886	0
3887	0
3888	0
3889	0
3890	0
3891	0
3892	0
3893	0
3894	7
3895	0
3896	0
3897	4
3898	57
3899	0
3900	0
3901	0
3902	5
3903	0
3904	5
3905	0
3906	84
3907	0
3908	0
3909	251
3910	8
3911	0
3912	0
3913	0
3914	0
3915	0
3916	0
3917	0
3918	0
3919	251
3920	0
3921	249
3922	0
3923	1
3924	33
3925	1
3926	0
3927	0
3928	0
3929	0
3930	0
3931	0
3932	0
3933	0
3934	251
3935	126
3936	1
3937	0
3938	0
3939	0
3940	0
3941	0
3942	3
3943	0
3944	14
3945	1
3946	12
3947	0
3948	0
3949	0
3950	251
3951	0
3952	1
3953	136
3954	1
3955	0
3956	0
3957	0
3958	114
3959	0
3960	0
3961	6
3962	0
3963	251
3964	0
3965	0
3966	0
3967	0
3968	0
3969	126
3970	251
3971	126
3972	0
3973	31
3974	98
3975	0
3976	0
3977	8
3978	0
3979	0
3980	0
3981	0
3982	0
3983	251
3984	0
3985	9
3986	0
3987	8
3988	4
3989	126
3990	0
3991	0
3992	0
3993	251
3994	0
3995	0
3996	0
3997	0
3998	1
3999	76
4000	0
4001	125
4002	0
4003	0
4004	0
4005	10
4006	126
4007	0
4008	0
4009	0
4010	0
4011	98
4012	0
4013	126
4014	0
4015	0
4016	0
4017	0
4018	0
4019	136
4020	251
4021	136
4022	0
4023	243
4024	0
4025	0
4026	0
4027	84
4028	0
4029	0
4030	0
4031	0
4032	0
4033	0
4034	0
4035	0
4036	98
4037	0
4038	0
4039	0
4040	1
4041	0
4042	0
4043	0
4044	251
4045	15
4046	0
4047	0
4048	0
4049	0
4050	0
4051	249
4052	0
4053	0
4054	0
4055	0
4056	126
4057	140
4058	98
4059	0
4060	0
4061	1
4062	0
4063	0
4064	1
4065	0
4066	98
4067	0
4068	251
4069	0
4070	70
4071	0
4072	73
4073	67
4074	1
4075	1
4076	0
4077	0
4078	98
4079	91
4080	10
4081	0
4082	0
4083	0
4084	251
4085	0
4086	1
4087	0
4088	0
4089	84
4090	0
4091	0
4092	43
4093	251
4094	0
4095	0
4096	1
4097	251
4098	0
4099	0
4100	0
4101	126
4102	0
4103	0
4104	1
4105	0
4106	1
4107	9
4108	0
4109	0
4110	1
4111	0
4112	6
4113	251
4114	0
4115	15
4116	0
4117	0
4118	0
4119	0
4120	0
4121	0
4122	0
4123	0
4124	0
4125	0
4126	126
4127	0
4128	0
4129	0
4130	0
4131	0
4132	251
4133	0
4134	0
4135	116
4136	1
4137	0
4138	0
4139	0
4140	0
4141	1
4142	84
4143	0
4144	0
4145	0
4146	1
4147	0
4148	0
4149	0
4150	0
4151	0
4152	4
4153	0
4154	0
4155	0
4156	0
4157	126
4158	0
4159	0
4160	0
4161	0
4162	0
4163	0
4164	0
4165	0
4166	0
4167	0
4168	0
4169	0
4170	5
4171	1
4172	0
4173	0
4174	8
4175	0
4176	0
4177	0
4178	126
4179	0
4180	15
4181	57
4182	0
4183	0
4184	0
4185	26
4186	0
4187	126
4188	19
4189	0
4190	126
4191	1
4192	0
4193	0
4194	226
4195	0
4196	0
4197	57
4198	0
4199	20
4200	0
4201	1
4202	0
4203	37
4204	0
4205	0
4206	0
4207	126
4208	0
4209	160
4210	0
4211	0
4212	1
4213	126
4214	98
4215	98
4216	0
4217	0
4218	98
4219	0
4220	0
4221	0
4222	66
4223	251
4224	0
4225	0
4226	126
4227	249
4228	136
4229	1
4230	0
4231	0
4232	9
4233	0
4234	0
4235	75
4236	251
4237	0
4238	0
4239	1
4240	0
4241	0
4242	18
4243	0
4244	148
4245	0
4246	16
4247	0
4248	0
4249	1
4250	0
4251	0
4252	0
4253	58
4254	5
4255	0
4256	34
4257	0
4258	4
4259	251
4260	1
4261	251
4262	1
4263	0
4264	0
4265	0
4266	136
4267	11
4268	251
4269	11
4270	0
4271	0
4272	1
4273	0
4274	0
4275	57
4276	0
4277	0
4278	57
4279	0
4280	0
4281	0
4282	1
4283	0
4284	0
4285	0
4286	126
4287	0
4288	7
4289	43
4290	0
4291	0
4292	0
4293	136
4294	1
4295	1
4296	0
4297	57
4298	0
4299	27
4300	251
4301	251
4302	7
4303	0
4304	251
4305	0
4306	0
4307	84
4308	0
4309	0
4310	0
4311	9
4312	0
4313	0
4314	0
4315	0
4316	1
4317	0
4318	0
4319	0
4320	0
4321	84
4322	0
4323	0
4324	2
4325	0
4326	0
4327	57
4328	0
4329	75
4330	0
4331	0
4332	70
4333	0
4334	0
4335	0
4336	98
4337	0
4338	0
4339	126
4340	0
4341	6
4342	15
4343	0
4344	0
4345	0
4346	0
4347	0
4348	0
4349	249
4350	4
4351	16
4352	0
4353	1
4354	0
4355	0
4356	0
4357	0
4358	0
4359	98
4360	0
4361	0
4362	88
4363	75
4364	0
4365	136
4366	251
4367	0
4368	0
4369	3
4370	127
4371	33
4372	126
4373	0
4374	0
4375	126
4376	16
4377	251
4378	82
4379	0
4380	0
4381	11
4382	98
4383	11
4384	41
4385	13
4386	13
4387	0
4388	0
4389	0
4390	0
4391	0
4392	126
4393	26
4394	86
4395	11
4396	84
4397	8
4398	98
4399	23
4400	33
4401	33
4402	251
4403	126
4404	0
4405	0
4406	235
4407	79
4408	251
4409	98
4410	0
4411	0
4412	0
4413	0
4414	0
4415	126
4416	1
4417	0
4418	0
4419	0
4420	0
4421	0
4422	0
4423	34
4424	0
4425	251
4426	251
4427	0
4428	0
4429	251
4430	0
4431	0
4432	98
4433	0
4434	0
4435	251
4436	0
4437	5
4438	70
4439	0
4440	251
4441	0
4442	0
4443	9
4444	0
4445	0
4446	0
4447	0
4448	0
4449	251
4450	251
4451	251
4452	251
4453	0
4454	0
4455	0
4456	0
4457	57
4458	75
4459	251
4460	251
4461	0
4462	0
4463	1
4464	75
4465	1
4466	0
4467	251
4468	1
4469	0
4470	9
4471	0
4472	0
4473	84
4474	1
4475	251
4476	251
4477	75
4478	98
4479	0
4480	8
4481	8
4482	251
4483	3
4484	75
4485	0
4486	1
4487	43
4488	0
4489	0
4490	109
4491	98
4492	0
4493	48
4494	0
4495	0
4496	0
4497	19
4498	0
4499	251
4500	57
4501	1
4502	0
4503	0
4504	16
4505	1
4506	0
4507	0
4508	0
4509	0
4510	0
4511	98
4512	0
4513	0
4514	0
4515	0
4516	0
4517	0
4518	0
4519	0
4520	0
4521	0
4522	0
4523	251
4524	0
4525	0
4526	0
4527	0
4528	0
4529	0
4530	9
4531	0
4532	0
4533	251
4534	0
4535	0
4536	6
4537	0
4538	0
4539	0
4540	126
4541	136
4542	0
4543	251
4544	1
4545	251
4546	0
4547	0
4548	0
4549	0
4550	0
4551	251
4552	0
4553	0
4554	0
4555	0
4556	98
4557	0
4558	0
4559	251
4560	16
4561	0
4562	0
4563	0
4564	0
4565	0
4566	33
4567	2
4568	1
4569	251
4570	80
4571	0
4572	0
4573	0
4574	126
4575	0
4576	0
4577	8
4578	0
4579	0
4580	1
4581	0
4582	0
4583	98
4584	0
4585	1
4586	0
4587	0
4588	75
4589	251
4590	57
4591	26
4592	1
4593	251
4594	75
4595	0
4596	251
4597	0
4598	57
4599	0
4600	0
4601	251
4602	0
4603	0
4604	65
4605	251
4606	0
4607	55
4608	0
4609	0
4610	30
4611	98
4612	2
4613	4
4614	0
4615	34
4616	0
4617	69
4618	0
4619	0
4620	79
4621	0
4622	0
4623	75
4624	0
4625	1
4626	0
4627	136
4628	51
4629	251
4630	0
4631	0
4632	58
4633	5
4634	251
4635	0
4636	98
4637	0
4638	27
4639	20
4640	0
4641	5
4642	2
4643	0
4644	1
4645	0
4646	0
4647	167
4648	0
4649	1
4650	0
4651	0
4652	0
4653	0
4654	0
4655	0
4656	1
4657	98
4658	0
4659	126
4660	0
4661	0
4662	0
4663	0
4664	126
4665	0
4666	46
4667	0
4668	0
4669	0
4670	0
4671	131
4672	0
4673	45
4674	0
4675	0
4676	26
4677	0
4678	251
4679	0
4680	0
4681	3
4682	0
4683	26
4684	5
4685	3
4686	0
4687	0
4688	0
4689	0
4690	0
4691	4
4692	0
4693	0
4694	0
4695	84
4696	0
4697	0
4698	1
4699	0
4700	5
4701	0
4702	0
4703	126
4704	0
4705	251
4706	7
4707	84
4708	98
4709	3
4710	4
4711	15
4712	8
4713	3
4714	4
4715	8
4716	10
4717	0
4718	0
4719	10
4720	19
4721	0
4722	3
4723	3
4724	6
4725	4
4726	4
4727	6
