0	0
1	0
2	0
3	0
4	116
5	0
6	0
7	0
8	0
9	276
10	118
11	0
12	129
13	0
14	0
15	303
16	0
17	0
18	0
19	1
20	0
21	0
22	0
23	1
24	0
25	1
26	2
27	0
28	0
29	1
30	0
31	0
32	85
33	0
34	0
35	1
36	0
37	0
38	0
39	303
40	0
41	40
42	0
43	17
44	6
45	0
46	1
47	0
48	0
49	0
50	303
51	0
52	0
53	0
54	0
55	0
56	79
57	0
58	1
59	0
60	1
61	0
62	0
63	0
64	303
65	0
66	0
67	0
68	0
69	1
70	0
71	0
72	0
73	0
74	0
75	142
76	0
77	85
78	0
79	0
80	276
81	31
82	1
83	100
84	166
85	0
86	0
87	0
88	100
89	0
90	170
91	54
92	85
93	0
94	0
95	0
96	0
97	3
98	83
99	303
100	3
101	0
102	0
103	0
104	0
105	0
106	0
107	168
108	0
109	0
110	0
111	0
112	11
113	0
114	0
115	0
116	0
117	0
118	0
119	1
120	7
121	0
122	0
123	1
124	183
125	0
126	116
127	1
128	0
129	0
130	6
131	8
132	0
133	85
134	0
135	0
136	163
137	1
138	0
139	9
140	0
141	1
142	0
143	0
144	0
145	117
146	11
147	0
148	303
149	0
150	0
151	303
152	0
153	303
154	303
155	10
156	0
157	85
158	51
159	8
160	0
161	0
162	9
163	72
164	1
165	1
166	0
167	1
168	0
169	12
170	0
171	1
172	0
173	76
174	1
175	303
176	43
177	0
178	0
179	6
180	6
181	0
182	0
183	0
184	0
185	1
186	0
187	0
188	0
189	0
190	8
191	0
192	62
193	0
194	166
195	8
196	0
197	303
198	0
199	0
200	43
201	3
202	1
203	0
204	8
205	15
206	0
207	303
208	0
209	276
210	0
211	2
212	1
213	0
214	78
215	303
216	100
217	43
218	19
219	0
220	20
221	0
222	0
223	0
224	0
225	174
226	3
227	0
228	0
229	0
230	0
231	303
232	0
233	0
234	0
235	1
236	0
237	0
238	0
239	1
240	8
241	85
242	4
243	0
244	276
245	0
246	116
247	1
248	1
249	276
250	0
251	1
252	0
253	0
254	79
255	0
256	100
257	0
258	100
259	0
260	0
261	1
262	174
263	43
264	43
265	0
266	0
267	0
268	0
269	0
270	0
271	79
272	79
273	0
274	79
275	79
276	0
277	0
278	1
279	0
280	303
281	0
282	1
283	276
284	276
285	276
286	0
287	0
288	0
289	0
290	0
291	303
292	0
293	85
294	85
295	0
296	8
297	1
298	1
299	1
300	0
301	27
302	1
303	0
304	0
305	0
306	0
307	100
308	0
309	70
310	11
311	0
312	276
313	0
314	0
315	0
316	0
317	0
318	0
319	0
320	303
321	1
322	0
323	12
324	0
325	116
326	8
327	0
328	303
329	0
330	85
331	0
332	0
333	0
334	20
335	0
336	0
337	0
338	0
339	0
340	1
341	4
342	1
343	10
344	0
345	303
346	0
347	75
348	303
349	79
350	0
351	131
352	0
353	2
354	0
355	0
356	1
357	0
358	1
359	0
360	170
361	100
362	100
363	37
364	174
365	174
366	0
367	276
368	0
369	10
370	0
371	295
372	0
373	1
374	0
375	0
376	20
377	0
378	0
379	0
380	1
381	0
382	8
383	1
384	0
385	116
386	0
387	0
388	0
389	0
390	276
391	43
392	0
393	0
394	276
395	0
396	0
397	0
398	0
399	0
400	11
401	0
402	0
403	12
404	0
405	0
406	68
407	0
408	0
409	0
410	1
411	0
412	20
413	8
414	85
415	0
416	1
417	0
418	0
419	1
420	0
421	300
422	0
423	0
424	0
425	0
426	1
427	0
428	0
429	0
430	300
431	166
432	5
433	0
434	8
435	0
436	0
437	1
438	0
439	303
440	0
441	1
442	303
443	0
444	0
445	116
446	0
447	0
448	0
449	223
450	0
451	5
452	303
453	100
454	0
455	0
456	0
457	0
458	276
459	85
460	0
461	129
462	276
463	0
464	0
465	0
466	0
467	276
468	0
469	214
470	303
471	0
472	1
473	0
474	87
475	20
476	62
477	0
478	0
479	0
480	0
481	303
482	1
483	0
484	0
485	0
486	0
487	0
488	0
489	0
490	0
491	276
492	303
493	0
494	79
495	100
496	0
497	0
498	0
499	0
500	0
501	100
502	225
503	0
504	0
505	0
506	10
507	0
508	0
509	1
510	0
511	1
512	0
513	59
514	0
515	303
516	0
517	0
518	0
519	0
520	303
521	276
522	276
523	0
524	0
525	0
526	0
527	0
528	303
529	276
530	303
531	303
532	0
533	0
534	43
535	0
536	29
537	0
538	2
539	1
540	0
541	8
542	20
543	6
544	0
545	153
546	0
547	0
548	0
549	258
550	1
551	8
552	0
553	0
554	303
555	303
556	0
557	0
558	40
559	303
560	0
561	0
562	0
563	0
564	40
565	78
566	0
567	0
568	303
569	0
570	0
571	0
572	18
573	0
574	5
575	0
576	0
577	0
578	0
579	100
580	0
581	0
582	1
583	0
584	17
585	0
586	0
587	129
588	58
589	0
590	0
591	0
592	0
593	0
594	0
595	303
596	164
597	0
598	164
599	276
600	0
601	159
602	303
603	1
604	0
605	0
606	116
607	116
608	0
609	0
610	15
611	57
612	0
613	0
614	0
615	78
616	1
617	0
618	0
619	1
620	67
621	0
622	276
623	0
624	0
625	33
626	1
627	8
628	0
629	0
630	0
631	0
632	0
633	276
634	20
635	1
636	1
637	0
638	165
639	0
640	0
641	0
642	0
643	85
644	0
645	1
646	100
647	1
648	276
649	276
650	1
651	0
652	189
653	0
654	43
655	0
656	303
657	88
658	0
659	8
660	60
661	0
662	0
663	16
664	11
665	0
666	0
667	0
668	0
669	15
670	0
671	1
672	51
673	13
674	43
675	303
676	100
677	0
678	0
679	0
680	43
681	276
682	0
683	1
684	0
685	1
686	1
687	0
688	115
689	0
690	0
691	0
692	276
693	151
694	0
695	79
696	0
697	79
698	0
699	276
700	99
701	0
702	100
703	0
704	0
705	303
706	0
707	0
708	0
709	0
710	0
711	0
712	0
713	144
714	0
715	303
716	1
717	0
718	0
719	0
720	0
721	0
722	0
723	276
724	276
725	0
726	0
727	43
728	20
729	0
730	1
731	0
732	0
733	1
734	0
735	0
736	2
737	303
738	0
739	276
740	0
741	0
742	0
743	1
744	303
745	0
746	1
747	0
748	0
749	1
750	18
751	276
752	0
753	20
754	116
755	116
756	276
757	85
758	1
759	0
760	303
761	36
762	40
763	0
764	130
765	0
766	0
767	100
768	276
769	100
770	303
771	0
772	29
773	303
774	0
775	1
776	0
777	0
778	0
779	0
780	20
781	0
782	0
783	0
784	0
785	303
786	1
787	276
788	1
789	0
790	10
791	0
792	0
793	85
794	1
795	19
796	0
797	303
798	0
799	0
800	303
801	0
802	0
803	276
804	79
805	0
806	100
807	0
808	0
809	303
810	303
811	1
812	0
813	0
814	0
815	0
816	0
817	0
818	3
819	0
820	276
821	0
822	0
823	1
824	0
825	33
826	15
827	79
828	0
829	0
830	0
831	12
832	0
833	276
834	0
835	276
836	1
837	163
838	33
839	0
840	303
841	0
842	303
843	300
844	0
845	0
846	276
847	0
848	12
849	47
850	236
851	0
852	10
853	0
854	25
855	303
856	0
857	54
858	0
859	0
860	0
861	245
862	1
863	0
864	250
865	0
866	276
867	0
868	20
869	1
870	1
871	303
872	0
873	100
874	276
875	0
876	0
877	1
878	1
879	0
880	0
881	0
882	0
883	2
884	0
885	303
886	0
887	0
888	0
889	0
890	0
891	0
892	100
893	1
894	1
895	303
896	140
897	0
898	100
899	303
900	303
901	0
902	0
903	1
904	8
905	4
906	0
907	0
908	100
909	276
910	1
911	0
912	0
913	0
914	0
915	0
916	0
917	1
918	0
919	0
920	1
921	0
922	0
923	0
924	1
925	0
926	0
927	1
928	0
929	0
930	0
931	42
932	100
933	0
934	1
935	303
936	303
937	1
938	276
939	0
940	3
941	303
942	100
943	1
944	0
945	24
946	4
947	303
948	0
949	0
950	303
951	0
952	0
953	43
954	100
955	8
956	0
957	0
958	1
959	0
960	0
961	276
962	32
963	159
964	0
965	303
966	303
967	0
968	71
969	0
970	0
971	0
972	0
973	0
974	25
975	0
976	0
977	303
978	303
979	33
980	0
981	1
982	0
983	0
984	0
985	0
986	20
987	303
988	303
989	0
990	303
991	1
992	15
993	0
994	0
995	8
996	0
997	0
998	1
999	0
1000	0
1001	1
1002	1
1003	1
1004	85
1005	45
1006	100
1007	13
1008	0
1009	25
1010	0
1011	12
1012	0
1013	0
1014	276
1015	0
1016	0
1017	1
1018	1
1019	0
1020	0
1021	0
1022	303
1023	0
1024	0
1025	183
1026	0
1027	0
1028	1
1029	15
1030	0
1031	146
1032	0
1033	0
1034	0
1035	0
1036	0
1037	0
1038	0
1039	0
1040	70
1041	0
1042	276
1043	8
1044	303
1045	1
1046	79
1047	276
1048	79
1049	15
1050	303
1051	19
1052	1
1053	0
1054	1
1055	0
1056	0
1057	0
1058	303
1059	1
1060	276
1061	303
1062	0
1063	0
1064	1
1065	20
1066	0
1067	1
1068	0
1069	1
1070	0
1071	0
1072	0
1073	0
1074	0
1075	0
1076	0
1077	151
1078	100
1079	303
1080	1
1081	17
1082	0
1083	20
1084	303
1085	1
1086	0
1087	1
1088	0
1089	0
1090	0
1091	0
1092	0
1093	0
1094	26
1095	303
1096	0
1097	0
1098	42
1099	0
1100	0
1101	0
1102	0
1103	0
1104	0
1105	303
1106	0
1107	1
1108	85
1109	0
1110	0
1111	164
1112	9
1113	0
1114	1
1115	5
1116	276
1117	0
1118	1
1119	0
1120	0
1121	0
1122	0
1123	0
1124	8
1125	5
1126	4
1127	276
1128	0
1129	0
1130	0
1131	0
1132	0
1133	0
1134	0
1135	0
1136	0
1137	0
1138	1
1139	7
1140	1
1141	303
1142	0
1143	1
1144	0
1145	20
1146	73
1147	303
1148	1
1149	0
1150	166
1151	1
1152	0
1153	0
1154	0
1155	0
1156	1
1157	6
1158	0
1159	0
1160	0
1161	0
1162	0
1163	0
1164	1
1165	1
1166	1
1167	0
1168	0
1169	0
1170	0
1171	100
1172	19
1173	0
1174	219
1175	0
1176	1
1177	0
1178	1
1179	14
1180	1
1181	33
1182	303
1183	8
1184	181
1185	0
1186	116
1187	153
1188	0
1189	79
1190	0
1191	0
1192	0
1193	70
1194	0
1195	0
1196	0
1197	0
1198	3
1199	3
1200	1
1201	100
1202	0
1203	42
1204	1
1205	1
1206	0
1207	0
1208	0
1209	1
1210	0
1211	0
1212	1
1213	0
1214	303
1215	9
1216	1
1217	0
1218	0
1219	1
1220	0
1221	0
1222	303
1223	0
1224	0
1225	1
1226	0
1227	0
1228	0
1229	1
1230	1
1231	0
1232	167
1233	0
1234	0
1235	1
1236	1
1237	0
1238	0
1239	2
1240	116
1241	128
1242	183
1243	0
1244	276
1245	0
1246	70
1247	85
1248	0
1249	3
1250	0
1251	296
1252	276
1253	1
1254	53
1255	0
1256	30
1257	0
1258	303
1259	1
1260	0
1261	0
1262	0
1263	31
1264	0
1265	0
1266	0
1267	0
1268	0
1269	0
1270	0
1271	90
1272	0
1273	51
1274	116
1275	276
1276	0
1277	1
1278	0
1279	276
1280	0
1281	3
1282	6
1283	1
1284	0
1285	0
1286	0
1287	27
1288	1
1289	1
1290	0
1291	0
1292	0
1293	164
1294	0
1295	0
1296	1
1297	183
1298	129
1299	0
1300	0
1301	0
1302	0
1303	20
1304	20
1305	42
1306	16
1307	0
1308	0
1309	0
1310	43
1311	0
1312	0
1313	0
1314	0
1315	0
1316	303
1317	0
1318	0
1319	0
1320	68
1321	0
1322	6
1323	6
1324	33
1325	276
1326	34
1327	0
1328	276
1329	128
1330	0
1331	0
1332	39
1333	2
1334	83
1335	9
1336	0
1337	0
1338	79
1339	25
1340	0
1341	0
1342	1
1343	0
1344	1
1345	0
1346	0
1347	0
1348	1
1349	34
1350	1
1351	100
1352	61
1353	164
1354	0
1355	303
1356	303
1357	24
1358	0
1359	0
1360	5
1361	1
1362	15
1363	12
1364	6
1365	0
1366	207
1367	0
1368	0
1369	116
1370	20
1371	0
1372	111
1373	0
1374	303
1375	10
1376	0
1377	0
1378	276
1379	12
1380	166
1381	0
1382	33
1383	0
1384	6
1385	116
1386	0
1387	0
1388	276
1389	0
1390	303
1391	10
1392	0
1393	0
1394	1
1395	1
1396	8
1397	179
1398	0
1399	0
1400	43
1401	1
1402	20
1403	1
1404	0
1405	43
1406	0
1407	0
1408	0
1409	276
1410	1
1411	0
1412	43
1413	0
1414	0
1415	0
1416	0
1417	6
1418	0
1419	1
1420	0
1421	8
1422	10
1423	0
1424	0
1425	0
1426	100
1427	0
1428	6
1429	1
1430	0
1431	0
1432	0
1433	0
1434	43
1435	0
1436	0
1437	0
1438	0
1439	0
1440	0
1441	0
1442	0
1443	0
1444	1
1445	0
1446	66
1447	276
1448	0
1449	1
1450	0
1451	0
1452	0
1453	303
1454	0
1455	0
1456	32
1457	0
1458	0
1459	0
1460	0
1461	34
1462	0
1463	0
1464	0
1465	276
1466	85
1467	303
1468	1
1469	70
1470	9
1471	1
1472	6
1473	1
1474	170
1475	234
1476	0
1477	0
1478	10
1479	0
1480	0
1481	15
1482	0
1483	174
1484	24
1485	236
1486	1
1487	0
1488	15
1489	23
1490	0
1491	0
1492	0
1493	0
1494	33
1495	276
1496	0
1497	0
1498	0
1499	0
1500	116
1501	0
1502	303
1503	10
1504	303
1505	1
1506	0
1507	0
1508	0
1509	0
1510	0
1511	4
1512	0
1513	236
1514	24
1515	0
1516	174
1517	174
1518	24
1519	276
1520	0
1521	174
1522	303
1523	79
1524	174
1525	219
1526	8
1527	100
1528	0
1529	1
1530	0
1531	1
1532	0
1533	0
1534	0
1535	174
1536	0
1537	79
1538	0
1539	0
1540	0
1541	0
1542	99
1543	4
1544	0
1545	85
1546	0
1547	0
1548	0
1549	0
1550	1
1551	0
1552	0
1553	6
1554	0
1555	291
1556	0
1557	276
1558	0
1559	0
1560	0
1561	0
1562	0
1563	0
1564	0
1565	70
1566	0
1567	0
1568	4
1569	0
1570	1
1571	0
1572	6
1573	0
1574	9
1575	74
1576	0
1577	276
1578	1
1579	0
1580	0
1581	1
1582	2
1583	1
1584	0
1585	1
1586	0
1587	76
1588	276
1589	1
1590	3
1591	0
1592	303
1593	9
1594	0
1595	0
1596	1
1597	0
1598	0
1599	0
1600	303
1601	0
1602	0
1603	168
1604	0
1605	0
1606	33
1607	0
1608	0
1609	70
1610	0
1611	70
1612	0
1613	10
1614	0
1615	0
1616	179
1617	0
1618	1
1619	0
1620	0
1621	303
1622	0
1623	0
1624	204
1625	9
1626	1
1627	0
1628	1
1629	0
1630	1
1631	0
1632	0
1633	303
1634	0
1635	4
1636	15
1637	0
1638	0
1639	0
1640	303
1641	0
1642	0
1643	0
1644	85
1645	15
1646	0
1647	0
1648	0
1649	100
1650	0
1651	0
1652	0
1653	16
1654	85
1655	0
1656	151
1657	55
1658	1
1659	173
1660	0
1661	55
1662	43
1663	35
1664	165
1665	170
1666	34
1667	43
1668	0
1669	0
1670	0
1671	0
1672	1
1673	0
1674	0
1675	0
1676	0
1677	12
1678	0
1679	8
1680	1
1681	0
1682	0
1683	303
1684	116
1685	0
1686	0
1687	0
1688	116
1689	0
1690	6
1691	0
1692	0
1693	0
1694	0
1695	276
1696	8
1697	1
1698	303
1699	0
1700	0
1701	0
1702	116
1703	1
1704	0
1705	0
1706	0
1707	85
1708	0
1709	1
1710	0
1711	0
1712	1
1713	0
1714	0
1715	1
1716	79
1717	0
1718	0
1719	1
1720	0
1721	0
1722	257
1723	0
1724	100
1725	0
1726	0
1727	0
1728	0
1729	33
1730	0
1731	0
1732	4
1733	0
1734	12
1735	0
1736	0
1737	100
1738	0
1739	303
1740	183
1741	11
1742	0
1743	0
1744	4
1745	0
1746	0
1747	0
1748	0
1749	0
1750	0
1751	0
1752	1
1753	0
1754	85
1755	0
1756	0
1757	54
1758	1
1759	303
1760	0
1761	0
1762	302
1763	1
1764	20
1765	276
1766	4
1767	0
1768	1
1769	0
1770	1
1771	0
1772	0
1773	0
1774	1
1775	116
1776	6
1777	0
1778	67
1779	1
1780	100
1781	0
1782	8
1783	79
1784	0
1785	1
1786	0
1787	0
1788	0
1789	6
1790	303
1791	43
1792	168
1793	0
1794	10
1795	0
1796	0
1797	0
1798	0
1799	0
1800	8
1801	276
1802	70
1803	0
1804	303
1805	1
1806	0
1807	0
1808	8
1809	302
1810	100
1811	0
1812	0
1813	0
1814	1
1815	20
1816	0
1817	0
1818	303
1819	0
1820	0
1821	0
1822	15
1823	0
1824	276
1825	0
1826	48
1827	79
1828	258
1829	0
1830	0
1831	0
1832	0
1833	0
1834	0
1835	0
1836	183
1837	163
1838	0
1839	303
1840	0
1841	9
1842	0
1843	0
1844	0
1845	0
1846	0
1847	1
1848	27
1849	0
1850	0
1851	12
1852	17
1853	12
1854	0
1855	0
1856	8
1857	43
1858	0
1859	1
1860	0
1861	4
1862	303
1863	6
1864	0
1865	170
1866	0
1867	0
1868	1
1869	0
1870	0
1871	1
1872	0
1873	94
1874	0
1875	0
1876	0
1877	8
1878	0
1879	0
1880	33
1881	0
1882	276
1883	9
1884	0
1885	44
1886	303
1887	0
1888	6
1889	0
1890	0
1891	289
1892	0
1893	0
1894	100
1895	42
1896	20
1897	0
1898	15
1899	0
1900	303
1901	0
1902	0
1903	1
1904	0
1905	0
1906	303
1907	0
1908	11
1909	0
1910	276
1911	8
1912	0
1913	0
1914	85
1915	67
1916	1
1917	1
1918	0
1919	0
1920	0
1921	0
1922	0
1923	27
1924	45
1925	9
1926	0
1927	14
1928	0
1929	25
1930	1
1931	0
1932	0
1933	2
1934	79
1935	12
1936	0
1937	116
1938	116
1939	0
1940	0
1941	0
1942	0
1943	0
1944	0
1945	166
1946	276
1947	0
1948	303
1949	1
1950	179
1951	0
1952	0
1953	20
1954	0
1955	0
1956	303
1957	0
1958	0
1959	17
1960	34
1961	0
1962	43
1963	6
1964	100
1965	43
1966	168
1967	8
1968	174
1969	168
1970	168
1971	0
1972	0
1973	0
1974	303
1975	0
1976	0
1977	0
1978	0
1979	19
1980	0
1981	1
1982	0
1983	0
1984	276
1985	0
1986	0
1987	5
1988	0
1989	0
1990	0
1991	0
1992	10
1993	0
1994	0
1995	21
1996	2
1997	0
1998	0
1999	0
2000	0
2001	79
2002	276
2003	276
2004	0
2005	303
2006	0
2007	6
2008	0
2009	0
2010	189
2011	1
2012	0
2013	0
2014	1
2015	1
2016	8
2017	1
2018	0
2019	0
2020	0
2021	93
2022	0
2023	0
2024	0
2025	0
2026	0
2027	0
2028	303
2029	0
2030	303
2031	303
2032	174
2033	0
2034	105
2035	47
2036	0
2037	0
2038	0
2039	0
2040	0
2041	5
2042	33
2043	0
2044	0
2045	116
2046	0
2047	0
2048	2
2049	0
2050	0
2051	0
2052	71
2053	0
2054	74
2055	303
2056	1
2057	0
2058	0
2059	303
2060	1
2061	0
2062	70
2063	79
2064	2
2065	0
2066	8
2067	0
2068	1
2069	1
2070	0
2071	303
2072	85
2073	0
2074	0
2075	0
2076	0
2077	0
2078	0
2079	0
2080	12
2081	0
2082	0
2083	0
2084	0
2085	0
2086	0
2087	303
2088	100
2089	0
2090	0
2091	0
2092	0
2093	0
2094	0
2095	303
2096	303
2097	0
2098	1
2099	0
2100	0
2101	0
2102	0
2103	8
2104	137
2105	0
2106	0
2107	0
2108	0
2109	295
2110	0
2111	1
2112	303
2113	276
2114	276
2115	0
2116	303
2117	0
2118	288
2119	0
2120	0
2121	1
2122	0
2123	1
2124	303
2125	0
2126	0
2127	2
2128	0
2129	0
2130	0
2131	1
2132	2
2133	10
2134	174
2135	0
2136	303
2137	303
2138	1
2139	0
2140	0
2141	58
2142	0
2143	1
2144	1
2145	276
2146	0
2147	55
2148	0
2149	0
2150	79
2151	3
2152	0
2153	0
2154	0
2155	0
2156	1
2157	0
2158	1
2159	0
2160	0
2161	12
2162	0
2163	0
2164	276
2165	0
2166	0
2167	0
2168	276
2169	303
2170	108
2171	100
2172	0
2173	303
2174	303
2175	6
2176	20
2177	100
2178	9
2179	85
2180	10
2181	8
2182	0
2183	70
2184	0
2185	8
2186	0
2187	20
2188	0
2189	0
2190	267
2191	0
2192	0
2193	0
2194	1
2195	1
2196	0
2197	8
2198	0
2199	0
2200	0
2201	0
2202	0
2203	0
2204	303
2205	0
2206	0
2207	0
2208	0
2209	0
2210	6
2211	79
2212	0
2213	9
2214	303
2215	0
2216	85
2217	1
2218	0
2219	2
2220	6
2221	1
2222	0
2223	1
2224	0
2225	100
2226	276
2227	0
2228	0
2229	0
2230	303
2231	0
2232	33
2233	0
2234	0
2235	0
2236	20
2237	1
2238	0
2239	0
2240	303
2241	1
2242	1
2243	1
2244	1
2245	0
2246	211
2247	0
2248	1
2249	79
2250	6
2251	79
2252	0
2253	0
2254	0
2255	33
2256	0
2257	0
2258	0
2259	1
2260	0
2261	100
2262	166
2263	17
2264	100
2265	4
2266	0
2267	0
2268	0
2269	0
2270	0
2271	0
2272	0
2273	0
2274	65
2275	0
2276	0
2277	43
2278	0
2279	303
2280	0
2281	0
2282	0
2283	0
2284	0
2285	0
2286	0
2287	0
2288	0
2289	0
2290	0
2291	288
2292	0
2293	0
2294	0
2295	0
2296	24
2297	70
2298	0
2299	1
2300	43
2301	276
2302	0
2303	303
2304	0
2305	0
2306	303
2307	0
2308	1
2309	0
2310	0
2311	0
2312	1
2313	0
2314	0
2315	0
2316	0
2317	0
2318	18
2319	0
2320	0
2321	0
2322	303
2323	303
2324	164
2325	24
2326	1
2327	0
2328	0
2329	0
2330	0
2331	0
2332	0
2333	0
2334	33
2335	303
2336	0
2337	1
2338	0
2339	0
2340	1
2341	0
2342	303
2343	0
2344	0
2345	6
2346	0
2347	0
2348	0
2349	0
2350	1
2351	303
2352	0
2353	0
2354	0
2355	1
2356	0
2357	0
2358	0
2359	0
2360	0
2361	0
2362	0
2363	1
2364	0
2365	79
2366	0
2367	100
2368	0
2369	1
2370	303
2371	0
2372	303
2373	33
2374	0
2375	9
2376	1
2377	0
2378	0
2379	0
2380	79
2381	0
2382	0
2383	43
2384	0
2385	0
2386	303
2387	0
2388	303
2389	0
2390	0
2391	0
2392	129
2393	0
2394	0
2395	0
2396	168
2397	1
2398	183
2399	0
2400	276
2401	100
2402	11
2403	0
2404	0
2405	0
2406	0
2407	0
2408	0
2409	0
2410	1
2411	0
2412	0
2413	0
2414	116
2415	0
2416	1
2417	153
2418	1
2419	33
2420	116
2421	1
2422	0
2423	0
2424	9
2425	9
2426	0
2427	0
2428	43
2429	1
2430	0
2431	89
2432	276
2433	0
2434	0
2435	1
2436	116
2437	0
2438	33
2439	0
2440	0
2441	0
2442	0
2443	0
2444	276
2445	85
2446	0
2447	0
2448	0
2449	0
2450	116
2451	0
2452	0
2453	0
2454	0
2455	1
2456	0
2457	0
2458	1
2459	1
2460	0
2461	276
2462	0
2463	0
2464	0
2465	0
2466	0
2467	0
2468	0
2469	0
2470	0
2471	0
2472	303
2473	15
2474	0
2475	6
2476	6
2477	0
2478	0
2479	0
2480	0
2481	5
2482	20
2483	276
2484	1
2485	0
2486	6
2487	303
2488	0
2489	0
2490	19
2491	0
2492	9
2493	85
2494	0
2495	0
2496	0
2497	276
2498	0
2499	0
2500	1
2501	0
2502	0
2503	276
2504	0
2505	0
2506	0
2507	100
2508	1
2509	276
2510	0
2511	1
2512	276
2513	85
2514	0
2515	0
2516	176
2517	0
2518	150
2519	0
2520	303
2521	0
2522	1
2523	0
2524	183
2525	100
2526	6
2527	0
2528	0
2529	127
2530	0
2531	0
2532	1
2533	1
2534	0
2535	2
2536	0
2537	0
2538	20
2539	0
2540	8
2541	1
2542	0
2543	0
2544	183
2545	4
2546	1
2547	5
2548	0
2549	0
2550	42
2551	0
2552	0
2553	0
2554	0
2555	1
2556	174
2557	1
2558	52
2559	100
2560	7
2561	85
2562	0
2563	12
2564	34
2565	10
2566	0
2567	0
2568	34
2569	20
2570	0
2571	4
2572	276
2573	1
2574	17
2575	79
2576	1
2577	0
2578	0
2579	2
2580	16
2581	0
2582	115
2583	303
2584	0
2585	0
2586	0
2587	70
2588	0
2589	0
2590	70
2591	85
2592	0
2593	72
2594	11
2595	1
2596	1
2597	4
2598	276
2599	0
2600	0
2601	85
2602	159
2603	100
2604	0
2605	0
2606	0
2607	1
2608	0
2609	60
2610	262
2611	296
2612	100
2613	0
2614	0
2615	0
2616	0
2617	0
2618	10
2619	1
2620	0
2621	1
2622	0
2623	11
2624	0
2625	5
2626	1
2627	9
2628	43
2629	170
2630	0
2631	1
2632	0
2633	0
2634	0
2635	0
2636	0
2637	0
2638	2
2639	12
2640	115
2641	9
2642	85
2643	0
2644	276
2645	3
2646	0
2647	302
2648	43
2649	20
2650	276
2651	3
2652	0
2653	85
2654	0
2655	0
2656	0
2657	85
2658	0
2659	33
2660	0
2661	303
2662	244
2663	0
2664	0
2665	1
2666	0
2667	70
2668	0
2669	1
2670	51
2671	11
2672	85
2673	0
2674	0
2675	0
2676	0
2677	46
2678	303
2679	0
2680	0
2681	0
2682	0
2683	14
2684	0
2685	14
2686	0
2687	0
2688	0
2689	0
2690	0
2691	303
2692	0
2693	0
2694	116
2695	0
2696	116
2697	0
2698	183
2699	0
2700	183
2701	225
2702	0
2703	0
2704	0
2705	0
2706	79
2707	25
2708	0
2709	1
2710	0
2711	276
2712	303
2713	0
2714	57
2715	0
2716	1
2717	0
2718	303
2719	0
2720	0
2721	0
2722	1
2723	0
2724	100
2725	0
2726	72
2727	0
2728	0
2729	0
2730	1
2731	0
2732	0
2733	0
2734	31
2735	0
2736	0
2737	20
2738	0
2739	0
2740	0
2741	0
2742	0
2743	1
2744	303
2745	0
2746	0
2747	213
2748	303
2749	1
2750	0
2751	0
2752	0
2753	0
2754	0
2755	0
2756	1
2757	79
2758	1
2759	0
2760	0
2761	0
2762	1
2763	183
2764	0
2765	0
2766	78
2767	0
2768	0
2769	0
2770	0
2771	0
2772	0
2773	1
2774	0
2775	0
2776	34
2777	0
2778	10
2779	0
2780	0
2781	303
2782	2
2783	276
2784	0
2785	283
2786	0
2787	303
2788	0
2789	0
2790	0
2791	11
2792	168
2793	1
2794	0
2795	0
2796	0
2797	0
2798	105
2799	100
2800	34
2801	0
2802	1
2803	0
2804	0
2805	0
2806	33
2807	70
2808	0
2809	1
2810	4
2811	6
2812	0
2813	0
2814	0
2815	74
2816	0
2817	116
2818	12
2819	12
2820	12
2821	115
2822	303
2823	119
2824	0
2825	0
2826	0
2827	0
2828	276
2829	85
2830	0
2831	303
2832	0
2833	174
2834	0
2835	0
2836	0
2837	0
2838	159
2839	0
2840	303
2841	51
2842	100
2843	1
2844	43
2845	276
2846	116
2847	0
2848	1
2849	1
2850	303
2851	0
2852	0
2853	303
2854	0
2855	0
2856	0
2857	0
2858	0
2859	0
2860	0
2861	0
2862	43
2863	1
2864	276
2865	0
2866	34
2867	26
2868	0
2869	183
2870	0
2871	0
2872	0
2873	0
2874	0
2875	1
2876	0
2877	34
2878	100
2879	5
2880	303
2881	2
2882	0
2883	0
2884	303
2885	303
2886	0
2887	0
2888	132
2889	100
2890	0
2891	0
2892	0
2893	0
2894	85
2895	303
2896	0
2897	1
2898	70
2899	0
2900	0
2901	17
2902	0
2903	0
2904	0
2905	1
2906	51
2907	85
2908	166
2909	48
2910	34
2911	85
2912	44
2913	0
2914	1
2915	116
2916	0
2917	0
2918	1
2919	0
2920	0
2921	0
2922	0
2923	0
2924	0
2925	68
2926	1
2927	0
2928	0
2929	0
2930	303
2931	0
2932	20
2933	0
2934	276
2935	116
2936	0
2937	0
2938	0
2939	0
2940	0
2941	0
2942	0
2943	0
2944	80
2945	0
2946	0
2947	168
2948	0
2949	0
2950	0
2951	2
2952	0
2953	0
2954	0
2955	0
2956	0
2957	0
2958	0
2959	1
2960	0
2961	85
2962	0
2963	0
2964	0
2965	116
2966	79
2967	68
2968	0
2969	0
2970	0
2971	1
2972	67
2973	0
2974	0
2975	79
2976	0
2977	0
2978	0
2979	0
2980	0
2981	0
2982	65
2983	34
2984	1
2985	20
2986	0
2987	31
2988	9
2989	0
2990	1
2991	100
2992	303
2993	0
2994	34
2995	34
2996	0
2997	1
2998	0
2999	1
3000	0
3001	0
3002	0
3003	0
3004	0
3005	303
3006	1
3007	303
3008	9
3009	6
3010	0
3011	116
3012	0
3013	0
3014	1
3015	0
3016	27
3017	303
3018	4
3019	0
3020	0
3021	4
3022	5
3023	0
3024	167
3025	1
3026	43
3027	1
3028	100
3029	0
3030	1
3031	4
3032	85
3033	1
3034	0
3035	0
3036	303
3037	0
3038	0
3039	1
3040	0
3041	79
3042	0
3043	0
3044	0
3045	0
3046	276
3047	0
3048	0
3049	12
3050	0
3051	0
3052	78
3053	0
3054	13
3055	0
3056	0
3057	0
3058	0
3059	0
3060	1
3061	0
3062	1
3063	0
3064	0
3065	0
3066	0
3067	0
3068	0
3069	285
3070	0
3071	0
3072	0
3073	8
3074	0
3075	67
3076	15
3077	0
3078	101
3079	11
3080	1
3081	0
3082	0
3083	1
3084	0
3085	303
3086	16
3087	276
3088	8
3089	70
3090	183
3091	0
3092	0
3093	0
3094	0
3095	0
3096	0
3097	17
3098	276
3099	0
3100	3
3101	1
3102	100
3103	0
3104	0
3105	0
3106	0
3107	1
3108	0
3109	5
3110	167
3111	100
3112	1
3113	1
3114	0
3115	0
3116	0
3117	0
3118	1
3119	0
3120	0
3121	1
3122	43
3123	0
3124	0
3125	0
3126	0
3127	0
3128	0
3129	1
3130	0
3131	17
3132	0
3133	3
3134	62
3135	0
3136	0
3137	303
3138	79
3139	0
3140	0
3141	34
3142	34
3143	34
3144	34
3145	0
3146	0
3147	1
3148	276
3149	183
3150	4
3151	100
3152	1
3153	1
3154	0
3155	0
3156	0
3157	43
3158	0
3159	0
3160	33
3161	303
3162	0
3163	10
3164	0
3165	0
3166	0
3167	0
3168	0
3169	34
3170	4
3171	15
3172	15
3173	43
3174	276
3175	0
3176	0
3177	8
3178	100
3179	0
3180	0
3181	0
3182	0
3183	0
3184	0
3185	0
3186	0
3187	276
3188	1
3189	0
3190	0
3191	0
3192	276
3193	79
3194	79
3195	1
3196	168
3197	0
3198	276
3199	43
3200	74
3201	0
3202	276
3203	0
3204	0
3205	2
3206	0
3207	78
3208	0
3209	0
3210	100
3211	0
3212	0
3213	303
3214	303
3215	0
3216	303
3217	0
3218	0
3219	0
3220	34
3221	0
3222	0
3223	0
3224	0
3225	49
3226	45
3227	0
3228	43
3229	0
3230	0
3231	303
3232	0
3233	303
3234	276
3235	1
3236	0
3237	0
3238	0
3239	0
3240	0
3241	0
3242	0
3243	0
3244	0
3245	0
3246	9
3247	303
3248	24
3249	276
3250	0
3251	303
3252	276
3253	0
3254	0
3255	46
3256	8
3257	0
3258	1
3259	0
3260	157
3261	1
3262	0
3263	10
3264	0
3265	183
3266	0
3267	20
3268	164
3269	0
3270	0
3271	0
3272	1
3273	303
3274	0
3275	276
3276	0
3277	1
3278	79
3279	43
3280	0
3281	1
3282	0
3283	0
3284	0
3285	0
3286	183
3287	0
3288	0
3289	79
3290	0
3291	1
3292	0
3293	100
3294	0
3295	161
3296	0
3297	0
3298	152
3299	1
3300	3
3301	56
3302	0
3303	0
3304	70
3305	0
3306	0
3307	0
3308	0
3309	303
3310	0
3311	276
3312	1
3313	303
3314	302
3315	0
3316	0
3317	0
3318	0
3319	1
3320	0
3321	1
3322	276
3323	17
3324	67
3325	0
3326	43
3327	1
3328	1
3329	54
3330	303
3331	100
3332	0
3333	303
3334	85
3335	13
3336	116
3337	0
3338	0
3339	0
3340	20
3341	0
3342	0
3343	0
3344	10
3345	0
3346	276
3347	1
3348	0
3349	0
3350	0
3351	0
3352	0
3353	14
3354	276
3355	0
3356	78
3357	254
3358	10
3359	258
3360	0
3361	1
3362	0
3363	1
3364	0
3365	303
3366	0
3367	0
3368	0
3369	6
3370	100
3371	100
3372	0
3373	0
3374	1
3375	79
3376	0
3377	39
3378	79
3379	0
3380	20
3381	1
3382	85
3383	8
3384	0
3385	0
3386	0
3387	0
3388	0
3389	8
3390	0
3391	20
3392	0
3393	0
3394	258
3395	0
3396	67
3397	11
3398	176
3399	2
3400	70
3401	20
3402	6
3403	0
3404	5
3405	1
3406	0
3407	0
3408	164
3409	276
3410	1
3411	20
3412	67
3413	0
3414	0
3415	0
3416	0
3417	0
3418	183
3419	0
3420	1
3421	0
3422	0
3423	0
3424	1
3425	0
3426	1
3427	1
3428	303
3429	0
3430	0
3431	8
3432	8
3433	1
3434	43
3435	0
3436	0
3437	0
3438	0
3439	0
3440	303
3441	0
3442	100
3443	276
3444	0
3445	276
3446	276
3447	54
3448	0
3449	303
3450	43
3451	1
3452	0
3453	8
3454	0
3455	0
3456	0
3457	79
3458	0
3459	0
3460	0
3461	0
3462	0
3463	0
3464	0
3465	0
3466	303
3467	1
3468	1
3469	22
3470	1
3471	303
3472	302
3473	0
3474	0
3475	1
3476	8
3477	0
3478	0
3479	303
3480	0
3481	1
3482	1
3483	0
3484	0
3485	1
3486	166
3487	0
3488	0
3489	0
3490	0
3491	0
3492	1
3493	1
3494	43
3495	43
3496	303
3497	0
3498	166
3499	0
3500	0
3501	0
3502	116
3503	303
3504	0
3505	116
3506	34
3507	0
3508	116
3509	100
3510	0
3511	0
3512	0
3513	0
3514	0
3515	303
3516	8
3517	1
3518	0
3519	0
3520	5
3521	71
3522	0
3523	0
3524	0
3525	0
3526	303
3527	276
3528	0
3529	183
3530	0
3531	0
3532	0
3533	68
3534	0
3535	82
3536	8
3537	0
3538	0
3539	276
3540	0
3541	84
3542	276
3543	161
3544	1
3545	0
3546	0
3547	79
3548	1
3549	0
3550	0
3551	303
3552	0
3553	0
3554	0
3555	1
3556	5
3557	11
3558	0
3559	1
3560	0
3561	0
3562	0
3563	9
3564	20
3565	9
3566	85
3567	0
3568	1
3569	13
3570	6
3571	100
3572	170
3573	10
3574	100
3575	100
3576	24
3577	0
3578	27
3579	0
3580	1
3581	0
3582	43
3583	0
3584	13
3585	100
3586	303
3587	0
3588	79
3589	0
3590	0
3591	126
3592	0
3593	0
3594	0
3595	30
3596	0
3597	0
3598	0
3599	70
3600	0
3601	303
3602	0
3603	303
3604	1
3605	1
3606	33
3607	1
3608	79
3609	0
3610	0
3611	0
3612	3
3613	303
3614	0
3615	20
3616	1
3617	141
3618	0
3619	10
3620	1
3621	0
3622	0
3623	303
3624	1
3625	0
3626	0
3627	0
3628	0
3629	33
3630	1
3631	111
3632	303
3633	0
3634	303
3635	0
3636	0
3637	0
3638	9
3639	0
3640	20
3641	0
3642	0
3643	1
3644	1
3645	0
3646	0
3647	1
3648	0
3649	0
3650	0
3651	303
3652	303
3653	303
3654	116
3655	0
3656	100
3657	0
3658	0
3659	0
3660	0
3661	1
3662	0
3663	17
3664	79
3665	0
3666	0
3667	0
3668	0
3669	0
3670	303
3671	0
3672	0
3673	0
3674	4
3675	1
3676	0
3677	1
3678	0
3679	0
3680	0
3681	0
3682	303
3683	0
3684	15
3685	0
3686	0
3687	0
3688	0
3689	0
3690	1
3691	1
3692	256
3693	43
3694	276
3695	0
3696	0
3697	303
3698	0
3699	8
3700	0
3701	1
3702	74
3703	1
3704	0
3705	0
3706	0
3707	276
3708	0
3709	1
3710	92
3711	0
3712	0
3713	207
3714	20
3715	20
3716	303
3717	0
3718	0
3719	10
3720	1
3721	0
3722	0
3723	79
3724	43
3725	0
3726	303
3727	0
3728	12
3729	10
3730	85
3731	276
3732	0
3733	0
3734	0
3735	9
3736	0
3737	0
3738	0
3739	167
3740	0
3741	0
3742	79
3743	0
3744	79
3745	303
3746	0
3747	23
3748	0
3749	0
3750	19
3751	0
3752	0
3753	27
3754	1
3755	0
3756	68
3757	0
3758	303
3759	303
3760	85
3761	0
3762	43
3763	12
3764	0
3765	1
3766	9
3767	85
3768	3
3769	16
3770	1
3771	3
3772	0
3773	0
3774	0
3775	303
3776	0
3777	303
3778	0
3779	0
3780	76
3781	0
3782	1
3783	0
3784	1
3785	0
3786	0
3787	0
3788	9
3789	0
3790	0
3791	132
3792	303
3793	79
3794	81
3795	0
3796	303
3797	0
3798	0
3799	0
3800	85
3801	0
3802	0
3803	1
3804	1
3805	1
3806	9
3807	100
3808	0
3809	276
3810	276
3811	9
3812	168
3813	0
3814	1
3815	0
3816	1
3817	67
3818	0
3819	1
3820	78
3821	0
3822	0
3823	0
3824	0
3825	11
3826	1
3827	0
3828	1
3829	303
3830	100
3831	0
3832	67
3833	1
3834	0
3835	1
3836	0
3837	0
3838	303
3839	170
3840	20
3841	303
3842	0
3843	43
3844	0
3845	0
3846	0
3847	0
3848	33
3849	0
3850	1
3851	0
3852	17
3853	1
3854	0
3855	303
3856	13
3857	303
3858	1
3859	100
3860	0
3861	0
3862	17
3863	170
3864	100
3865	0
3866	0
3867	276
3868	0
3869	303
3870	0
3871	0
3872	0
3873	303
3874	303
3875	0
3876	0
3877	0
3878	17
3879	0
3880	0
3881	0
3882	100
3883	0
3884	0
3885	33
3886	303
3887	0
3888	85
3889	0
3890	0
3891	1
3892	100
3893	9
3894	303
3895	4
3896	0
3897	0
3898	8
3899	303
3900	303
3901	0
3902	8
3903	0
3904	1
3905	0
3906	0
3907	20
3908	0
3909	0
3910	0
3911	303
3912	79
3913	0
3914	303
3915	0
3916	13
3917	303
3918	0
3919	20
3920	85
3921	0
3922	0
3923	0
3924	10
3925	1
3926	0
3927	10
3928	79
3929	2
3930	0
3931	0
3932	0
3933	303
3934	79
3935	0
3936	20
3937	0
3938	116
3939	0
3940	0
3941	1
3942	0
3943	0
3944	0
3945	1
3946	0
3947	0
3948	0
3949	85
3950	0
3951	0
3952	67
3953	303
3954	12
3955	303
3956	0
3957	303
3958	0
3959	6
3960	0
3961	0
3962	27
3963	0
3964	69
3965	1
3966	85
3967	0
3968	0
3969	1
3970	0
3971	0
3972	0
3973	8
3974	9
3975	4
3976	258
3977	0
3978	0
3979	0
3980	0
3981	23
3982	0
3983	166
3984	0
3985	0
3986	100
3987	0
3988	0
3989	79
3990	0
3991	0
3992	0
3993	116
3994	82
3995	0
3996	4
3997	303
3998	12
3999	0
4000	3
4001	0
4002	8
4003	3
4004	67
4005	0
4006	0
4007	0
4008	0
4009	0
4010	113
4011	0
4012	1
4013	3
4014	0
4015	0
4016	0
4017	276
4018	0
4019	1
4020	1
4021	0
4022	11
4023	0
4024	85
4025	1
4026	0
4027	243
4028	0
4029	0
4030	79
4031	0
4032	0
4033	0
4034	79
4035	303
4036	0
4037	0
4038	0
4039	62
4040	1
4041	4
4042	0
4043	166
4044	303
4045	78
4046	0
4047	33
4048	0
4049	303
4050	0
4051	0
4052	0
4053	0
4054	1
4055	0
4056	0
4057	63
4058	0
4059	0
4060	0
4061	36
4062	0
4063	4
4064	0
4065	1
4066	0
4067	0
4068	10
4069	0
4070	234
4071	0
4072	0
4073	0
4074	85
4075	1
4076	1
4077	0
4078	0
4079	0
4080	3
4081	1
4082	85
4083	1
4084	11
4085	14
4086	116
4087	34
4088	0
4089	9
4090	0
4091	0
4092	2
4093	303
4094	0
4095	16
4096	11
4097	0
4098	0
4099	0
4100	0
4101	0
4102	20
4103	0
4104	113
4105	0
4106	0
4107	0
4108	0
4109	0
4110	0
4111	0
4112	20
4113	0
4114	85
4115	1
4116	0
4117	1
4118	1
4119	1
4120	100
4121	7
4122	0
4123	276
4124	1
4125	70
4126	0
4127	1
4128	0
4129	20
4130	303
4131	0
4132	1
4133	11
4134	79
4135	33
4136	0
4137	3
4138	1
4139	4
4140	0
4141	303
4142	0
4143	0
4144	0
4145	0
4146	12
4147	0
4148	0
4149	43
4150	0
4151	0
4152	116
4153	5
4154	0
4155	0
4156	134
4157	303
4158	0
4159	0
4160	118
4161	1
4162	100
4163	1
4164	1
4165	303
4166	0
4167	303
4168	276
4169	1
4170	100
4171	0
4172	0
4173	1
4174	0
4175	1
4176	0
4177	0
4178	0
4179	34
4180	0
4181	14
4182	241
4183	44
4184	85
4185	38
4186	85
4187	24
4188	169
4189	38
4190	16
4191	85
4192	70
4193	0
4194	0
4195	0
4196	303
4197	0
4198	0
4199	0
4200	0
4201	0
4202	0
4203	20
4204	115
4205	0
4206	1
4207	0
4208	0
4209	0
4210	0
4211	1
4212	303
4213	0
4214	303
4215	0
4216	0
4217	303
4218	0
4219	0
4220	167
4221	0
4222	0
4223	303
4224	0
4225	303
4226	0
4227	0
4228	303
4229	0
4230	0
4231	57
4232	0
4233	0
4234	303
4235	0
4236	0
4237	1
4238	276
4239	20
4240	225
4241	0
4242	0
4243	0
4244	0
4245	303
4246	1
4247	0
4248	0
4249	8
4250	1
4251	0
4252	0
4253	8
4254	0
4255	0
4256	0
4257	3
4258	0
4259	0
4260	1
4261	0
4262	1
4263	0
4264	0
4265	0
4266	79
4267	0
4268	0
4269	276
4270	6
4271	0
4272	1
4273	278
4274	0
4275	0
4276	0
4277	0
4278	164
4279	0
4280	0
4281	90
4282	0
4283	1
4284	116
4285	0
4286	4
4287	0
4288	0
4289	0
4290	1
4291	7
4292	46
4293	1
4294	0
4295	236
4296	5
4297	5
4298	85
4299	303
4300	1
4301	303
4302	0
4303	0
4304	1
4305	276
4306	0
4307	0
4308	12
4309	0
4310	0
4311	0
4312	296
4313	1
4314	302
4315	0
4316	0
4317	1
4318	33
4319	1
4320	0
4321	1
4322	1
4323	0
4324	0
4325	118
4326	0
4327	0
4328	0
4329	0
4330	276
4331	0
4332	303
4333	276
4334	0
4335	1
4336	1
4337	0
4338	0
4339	1
4340	183
4341	0
4342	0
4343	0
4344	0
4345	0
4346	0
4347	1
4348	12
4349	1
4350	0
4351	161
4352	1
4353	130
4354	0
4355	0
4356	0
4357	0
4358	303
4359	6
4360	276
4361	303
4362	303
4363	0
4364	276
4365	1
4366	33
4367	0
4368	0
4369	8
4370	0
4371	0
4372	0
4373	1
4374	98
4375	9
4376	0
4377	0
4378	303
4379	33
4380	8
4381	0
4382	0
4383	0
4384	0
4385	0
4386	0
4387	303
4388	0
4389	79
4390	0
4391	1
4392	116
4393	1
4394	0
4395	43
4396	276
4397	0
4398	0
4399	0
4400	10
4401	3
4402	0
4403	0
4404	0
4405	100
4406	0
4407	0
4408	0
4409	0
4410	303
4411	0
4412	1
4413	0
4414	303
4415	0
4416	293
4417	0
4418	0
4419	0
4420	100
4421	0
4422	0
4423	176
4424	166
4425	276
4426	0
4427	0
4428	0
4429	276
4430	164
4431	1
4432	0
4433	1
4434	2
4435	1
4436	0
4437	0
4438	20
4439	85
4440	1
4441	1
4442	1
4443	0
4444	1
4445	0
4446	0
4447	20
4448	1
4449	0
4450	0
4451	116
4452	0
4453	0
4454	303
4455	0
4456	276
4457	118
4458	0
4459	0
4460	1
4461	140
4462	100
4463	0
4464	0
4465	0
4466	276
4467	100
4468	0
4469	303
4470	73
4471	90
4472	0
4473	0
4474	1
4475	1
4476	174
4477	169
4478	38
4479	0
4480	0
4481	0
4482	1
4483	303
4484	0
4485	85
4486	1
4487	0
4488	68
4489	0
4490	0
4491	0
4492	0
4493	0
4494	0
4495	0
4496	0
4497	0
4498	0
4499	0
4500	0
4501	0
4502	303
4503	0
4504	0
4505	0
4506	19
4507	0
4508	276
4509	20
4510	0
4511	276
4512	47
4513	0
4514	0
4515	0
4516	0
4517	1
4518	276
4519	9
4520	6
4521	0
4522	0
4523	0
4524	276
4525	20
4526	1
4527	0
4528	0
4529	1
4530	9
4531	0
4532	0
4533	0
4534	1
4535	303
4536	0
4537	1
4538	0
4539	0
4540	0
4541	0
4542	3
4543	0
4544	1
4545	85
4546	1
4547	0
4548	0
4549	0
4550	0
4551	0
4552	0
4553	0
4554	276
4555	4
4556	0
4557	0
4558	164
4559	0
4560	0
4561	0
4562	0
4563	0
4564	5
4565	303
4566	0
4567	0
4568	8
4569	0
4570	276
4571	1
4572	0
4573	0
4574	0
4575	276
4576	43
4577	0
4578	0
4579	0
4580	22
4581	7
4582	287
4583	0
4584	0
4585	116
4586	0
4587	174
4588	0
4589	1
4590	0
4591	38
4592	1
4593	0
4594	0
4595	0
4596	0
4597	276
4598	222
4599	0
4600	100
4601	0
4602	0
4603	170
4604	1
4605	0
4606	0
4607	276
4608	100
4609	0
4610	100
4611	0
4612	0
4613	72
4614	0
4615	0
4616	0
4617	0
4618	0
4619	303
4620	0
4621	0
4622	0
4623	0
4624	303
4625	0
4626	0
4627	183
4628	276
4629	164
4630	303
4631	0
4632	303
4633	9
4634	0
4635	0
4636	0
4637	116
4638	79
4639	0
4640	0
4641	303
4642	0
4643	18
4644	0
4645	0
4646	1
4647	220
4648	0
4649	0
4650	0
4651	17
4652	0
4653	116
4654	0
4655	1
4656	0
4657	59
4658	34
4659	1
4660	5
4661	183
4662	4
4663	276
4664	116
4665	1
4666	0
4667	303
4668	303
4669	0
4670	0
4671	0
4672	167
4673	0
4674	11
4675	0
4676	11
4677	303
4678	0
4679	0
4680	0
4681	0
4682	1
4683	1
4684	0
4685	0
4686	116
4687	1
4688	116
4689	1
4690	0
4691	1
4692	0
4693	276
4694	0
4695	8
4696	0
4697	0
4698	0
4699	0
4700	0
4701	276
4702	276
4703	47
4704	1
4705	116
4706	27
4707	0
4708	303
4709	303
4710	0
4711	303
4712	1
4713	0
4714	168
4715	0
4716	0
4717	0
4718	7
4719	70
4720	1
4721	0
4722	0
4723	85
4724	0
4725	0
4726	9
4727	0
4728	0
4729	0
4730	0
4731	0
4732	0
4733	1
4734	0
4735	110
4736	0
4737	1
4738	2
4739	0
4740	116
4741	0
4742	1
4743	100
4744	79
4745	0
4746	276
4747	72
4748	0
4749	0
4750	116
4751	0
4752	116
4753	276
4754	0
4755	0
4756	1
4757	6
4758	303
4759	0
4760	303
4761	0
4762	4
4763	43
4764	17
4765	1
4766	0
4767	1
4768	1
4769	1
4770	0
4771	0
4772	100
4773	1
4774	0
4775	276
4776	0
4777	12
4778	1
4779	100
4780	294
4781	79
4782	149
4783	33
4784	276
4785	1
4786	0
4787	276
4788	0
4789	43
4790	13
4791	0
4792	303
4793	0
4794	82
4795	276
4796	0
4797	0
4798	11
4799	298
4800	13
4801	276
4802	16
4803	1
4804	0
4805	1
4806	3
4807	1
4808	100
4809	0
4810	0
4811	0
4812	0
4813	0
4814	1
4815	14
4816	1
4817	35
4818	86
4819	166
4820	174
4821	15
4822	174
4823	27
4824	70
4825	70
4826	303
4827	276
4828	0
4829	103
4830	303
4831	0
4832	0
4833	0
4834	0
4835	276
4836	303
4837	303
4838	0
4839	1
4840	0
4841	0
4842	0
4843	303
4844	303
4845	0
4846	303
4847	100
4848	0
4849	34
4850	0
4851	0
4852	116
4853	0
4854	303
4855	0
4856	0
4857	0
4858	1
4859	0
4860	0
4861	1
4862	0
4863	0
4864	303
4865	1
4866	1
4867	9
4868	0
4869	74
4870	0
4871	0
4872	1
4873	44
4874	276
4875	0
4876	70
4877	0
4878	0
4879	0
4880	0
4881	43
4882	0
4883	303
4884	303
4885	303
4886	303
4887	0
4888	0
4889	174
4890	0
4891	0
4892	1
4893	303
4894	1
4895	276
4896	1
4897	303
4898	0
4899	0
4900	1
4901	0
4902	78
4903	0
4904	0
4905	0
4906	303
4907	100
4908	0
4909	1
4910	9
4911	0
4912	55
4913	1
4914	303
4915	303
4916	1
4917	79
4918	100
4919	0
4920	12
4921	12
4922	303
4923	8
4924	79
4925	79
4926	0
4927	1
4928	303
4929	116
4930	276
4931	43
4932	119
4933	0
4934	0
4935	100
4936	0
4937	0
4938	6
4939	116
4940	19
4941	303
4942	17
4943	0
4944	0
4945	0
4946	0
4947	100
4948	0
4949	0
4950	0
4951	0
4952	217
4953	0
4954	0
4955	0
4956	0
4957	0
4958	0
4959	0
4960	2
4961	0
4962	0
4963	1
4964	303
4965	0
4966	17
4967	303
4968	303
4969	0
4970	0
4971	303
4972	1
4973	0
4974	0
4975	1
4976	1
4977	0
4978	0
4979	1
4980	1
4981	276
4982	164
4983	1
4984	0
4985	303
4986	0
4987	0
4988	70
4989	1
4990	0
4991	303
4992	0
4993	1
4994	43
4995	3
4996	0
4997	0
4998	0
4999	0
5000	0
5001	100
5002	0
5003	0
5004	303
5005	17
5006	0
5007	303
5008	0
5009	0
5010	0
5011	303
5012	0
5013	0
5014	0
5015	276
5016	70
5017	70
5018	2
5019	0
5020	0
5021	85
5022	0
5023	0
5024	276
5025	0
5026	2
5027	0
5028	1
5029	2
5030	0
5031	8
5032	0
5033	1
5034	1
5035	0
5036	0
5037	100
5038	79
5039	1
5040	303
5041	303
5042	79
5043	43
5044	0
5045	1
5046	0
5047	303
5048	0
5049	183
5050	0
5051	302
5052	0
5053	9
5054	9
5055	0
5056	3
5057	3
5058	0
5059	67
5060	303
5061	1
5062	0
5063	0
5064	56
5065	303
5066	0
5067	0
5068	0
5069	1
5070	54
5071	0
5072	2
5073	100
5074	303
5075	4
5076	34
5077	1
5078	0
5079	1
5080	0
5081	85
5082	0
5083	1
5084	0
5085	79
5086	0
5087	0
5088	0
5089	164
5090	3
5091	83
5092	0
5093	81
5094	0
5095	166
5096	0
5097	24
5098	116
5099	303
5100	0
5101	0
5102	0
5103	0
5104	0
5105	1
5106	0
5107	6
5108	0
5109	5
5110	0
5111	79
5112	0
5113	100
5114	0
5115	9
5116	1
5117	1
5118	0
5119	0
5120	0
5121	0
5122	100
5123	0
5124	0
5125	0
5126	276
5127	276
5128	51
5129	0
5130	0
5131	0
5132	0
5133	85
5134	0
5135	0
5136	303
5137	258
5138	51
5139	161
5140	0
5141	1
5142	3
5143	1
5144	43
5145	303
5146	3
5147	303
5148	0
5149	0
5150	3
5151	1
5152	0
5153	0
5154	43
5155	1
5156	0
5157	0
5158	0
5159	0
5160	4
5161	0
5162	1
5163	85
5164	1
5165	0
5166	303
5167	0
5168	5
5169	1
5170	174
5171	0
5172	0
5173	116
5174	276
5175	0
5176	1
5177	1
5178	85
5179	7
5180	173
5181	1
5182	164
5183	4
5184	15
5185	8
5186	3
5187	4
5188	9
5189	10
5190	9
5191	10
5192	20
5193	4
5194	4
5195	3
5196	6
5197	1
5198	4
5199	6
